1	0.272122
2	0.240638
3	0.171648
4	0.274609
5	0.226451
6	0.239753
7	0.30907
8	0.234185
9	0.231248
10	0.283587
11	0.265444
12	0.227404
13	0.458862
14	0.262698
15	0.234049
16	0.221381
17	0.279821
18	0.305523
19	0.241599
20	0.409127
21	0.309678
22	0.30436
23	0.31226
24	0.382634
25	0.460763
26	0.355681
27	0.296805
28	0.346032
29	0.190639
30	0.26209
31	0.274995
32	0.282385
33	0.32298
34	0.254808
35	0.230993
36	0.28363
37	0.264072
38	0.293166
39	0.263577
40	0.238575
41	0.219133
42	0.306508
43	0.299591
44	0.28797
45	0.293429
46	0.332879
47	0.270205
48	0.224635
49	0.266004
50	0.421728
51	0.370532
52	0.294081
53	0.358925
54	0.227547
55	0.315961
56	0.314223
57	0.261192
58	0.29387
59	0.220174
60	0.242933
61	0.302329
62	0.311308
63	0.283645
64	0.311437
65	0.329413
66	0.298797
67	0.250816
68	0.298671
69	0.25068
70	0.227057
71	0.265387
72	0.395286
73	0.310182
74	0.287536
75	0.338469
76	0.272525
77	0.26192
78	0.290546
79	0.315147
80	0.382611
81	0.28713
82	0.256126
83	0.416587
84	0.247564
85	0.271506
86	0.318054
87	0.235954
88	0.287785
89	0.300257
90	0.294192
91	0.357807
92	0.267303
93	0.347899
94	0.409978
95	0.238862
96	0.329256
97	0.258831
98	0.328302
99	0.288244
100	0.286315
101	0.285648
102	0.338428
103	0.34012
104	0.356027
105	0.259837
106	0.264509
107	0.340612
108	0.266094
109	0.228861
110	0.206345
111	0.43257
112	0.254775
113	0.289713
114	0.310535
115	0.3486
116	0.294801
117	0.38743
118	0.253681
119	0.244657
120	0.286507
121	0.358864
122	0.453586
123	0.301088
124	0.313035
125	0.319017
126	0.314068
127	0.308773
128	0.391287
129	0.214616
130	0.265808
131	0.481527
132	0.205784
133	0.260263
134	0.240601
135	0.293316
136	0.234402
137	0.274105
138	0.281495
139	0.309171
140	0.215281
141	0.408512
142	0.313467
143	0.250733
144	0.233016
145	0.246679
146	0.334401
147	0.241449
148	0.249743
149	0.222983
150	0.299068
151	0.299696
152	0.241203
153	0.329404
154	0.26729
155	0.261966
156	0.272963
157	0.262115
158	0.22231
159	0.379881
160	0.263577
161	0.30635
162	0.338808
163	0.273126
164	0.348428
165	0.29863
166	0.39349
167	0.283715
168	0.316952
169	0.261708
170	0.246192
171	0.422882
172	0.248108
173	0.283021
174	0.330844
175	0.251146
176	0.270877
177	0.225239
178	0.24118
179	0.230931
180	0.288912
181	0.350339
182	0.336243
183	0.309256
184	0.375896
185	0.299568
186	0.25302
187	0.331962
188	0.258991
189	0.284844
190	0.26437
191	0.391792
192	0.344773
193	0.301592
194	0.244385
195	0.299006
196	0.269164
197	0.236701
198	0.249546
199	0.307557
200	0.349876
201	0.252113
202	0.395028
203	0.259695
204	0.273251
205	0.340213
206	0.265899
207	0.324619
208	0.199408
209	0.209098
210	0.278741
211	0.306062
212	0.360966
213	0.352304
214	0.364289
215	0.263561
216	0.339803
217	0.355931
218	0.250766
219	0.308782
220	0.285691
221	0.255016
222	0.378345
223	0.291139
224	0.310986
225	0.208635
226	0.271639
227	0.298789
228	0.310983
229	0.328488
230	0.384524
231	0.278721
232	0.27746
233	0.459442
234	0.271391
235	0.343151
236	0.232951
237	0.265705
238	0.341622
239	0.343403
240	0.313288
241	0.292886
242	0.319142
243	0.286486
244	0.266032
245	0.286342
246	0.29999
247	0.153355
248	0.300637
249	0.236892
250	0.316591
251	0.176501
252	0.292975
253	0.317107
254	0.238344
255	0.273679
256	0.273338
257	0.291436
258	0.279564
259	0.317726
260	0.257439
261	0.264274
262	0.237785
263	0.27059
264	0.35795
265	0.239078
266	0.308683
267	0.224396
268	0.280734
269	0.241045
270	0.240886
271	0.263151
272	0.364733
273	0.32666
274	0.3191
275	0.247065
276	0.298226
277	0.244928
278	0.256225
279	0.312803
280	0.234655
281	0.380786
282	0.265103
283	0.274336
284	0.309665
285	0.336195
286	0.283928
287	0.270675
288	0.268674
289	0.29213
290	0.328561
291	0.262168
292	0.241627
293	0.292915
294	0.240294
295	0.245962
296	0.24491
297	0.3428
298	0.331412
299	0.279569
300	0.416214
301	0.266329
302	0.296076
303	0.230766
304	0.263882
305	0.287872
306	0.252704
307	0.278476
308	0.248746
309	0.329541
310	0.249315
311	0.271868
312	0.352232
313	0.284682
314	0.296121
315	0.323133
316	0.357665
317	0.312588
318	0.331365
319	0.386702
320	0.227687
321	0.318573
322	0.235417
323	0.248871
324	0.25194
325	0.372568
326	0.215743
327	0.291679
328	0.328208
329	0.278793
330	0.275303
331	0.191534
332	0.210543
333	0.310229
334	0.345917
335	0.249903
336	0.372776
337	0.363742
338	0.227531
339	0.291716
340	0.342458
341	0.227333
342	0.275551
343	0.262881
344	0.258155
345	0.370369
346	0.276174
347	0.299749
348	0.28054
349	0.311555
350	0.383393
351	0.232576
352	0.286661
353	0.355554
354	0.333733
355	0.308177
356	0.306511
357	0.278244
358	0.27058
359	0.461257
360	0.224772
361	0.283448
362	0.280124
363	0.421249
364	0.243051
365	0.241994
366	0.375353
367	0.279519
368	0.265359
369	0.317984
370	0.282353
371	0.218459
372	0.282083
373	0.264767
374	0.290097
375	0.255388
376	0.229097
377	0.257875
378	0.23036
379	0.323311
380	0.234315
381	0.282135
382	0.280206
383	0.320652
384	0.350942
385	0.268539
386	0.308091
387	0.474655
388	0.271042
389	0.34838
390	0.305119
391	0.332419
392	0.234638
393	0.227521
394	0.260043
395	0.218985
396	0.242473
397	0.187191
398	0.35204
399	0.302429
400	0.284177
401	0.281945
402	0.209296
403	0.329013
404	0.290899
405	0.300576
406	0.231857
407	0.361468
408	0.338554
409	0.358701
410	0.248026
411	0.310539
412	0.275462
413	0.335769
414	0.316639
415	0.238524
416	0.206605
417	0.328999
418	0.198067
419	0.300338
420	0.388231
421	0.372375
422	0.270067
423	0.343351
424	0.265912
425	0.333823
426	0.395692
427	0.364855
428	0.223489
429	0.321788
430	0.381623
431	0.232196
432	0.338463
433	0.266922
434	0.258285
435	0.394798
436	0.309203
437	0.288136
438	0.413908
439	0.231164
440	0.261668
441	0.213182
442	0.312366
443	0.248206
444	0.283398
445	0.51836
446	0.379361
447	0.261948
448	0.36169
449	0.294828
450	0.329221
451	0.222679
452	0.34152
453	0.328879
454	0.271841
455	0.202333
456	0.305115
457	0.273615
458	0.320327
459	0.191677
460	0.283965
461	0.290228
462	0.295126
463	0.308685
464	0.234754
465	0.317289
466	0.209758
467	0.277547
468	0.391737
469	0.351746
470	0.290212
471	0.328944
472	0.24009
473	0.281765
474	0.283713
475	0.308663
476	0.3034
477	0.379062
478	0.222491
479	0.376592
480	0.319395
481	0.279744
482	0.360368
483	0.32283
484	0.275474
485	0.290241
486	0.221365
487	0.238055
488	0.277861
489	0.217179
490	0.29128
491	0.277548
492	0.31218
493	0.306388
494	0.194772
495	0.246025
496	0.318188
497	0.279191
498	0.335008
499	0.239316
500	0.277164
501	0.358326
502	0.359776
503	0.275613
504	0.298025
505	0.258245
506	0.238856
507	0.273402
508	0.490907
509	0.315709
510	0.262907
511	0.241565
512	0.315527
513	0.298834
514	0.239913
515	0.275474
516	0.216313
517	0.287842
518	0.321878
519	0.252764
520	0.372825
521	0.372352
522	0.34257
523	0.42947
524	0.301629
525	0.295257
526	0.383029
527	0.305399
528	0.331719
529	0.242251
530	0.289675
531	0.299373
532	0.285209
533	0.35227
534	0.327295
535	0.234355
536	0.50494
537	0.296149
538	0.235501
539	0.260135
540	0.295455
541	0.295251
542	0.248542
543	0.275505
544	0.384677
545	0.323585
546	0.318671
547	0.254356
548	0.314643
549	0.394112
550	0.288836
551	0.284256
552	0.278214
553	0.300689
554	0.399301
555	0.229992
556	0.249909
557	0.261987
558	0.289617
559	0.221361
560	0.224627
561	0.362123
562	0.4384
563	0.277732
564	0.307247
565	0.384029
566	0.321819
567	0.335245
568	0.318786
569	0.237339
570	0.289531
571	0.205816
572	0.297017
573	0.382354
574	0.25787
575	0.39821
576	0.272917
577	0.248472
578	0.39466
579	0.307266
580	0.288137
581	0.421615
582	0.292904
583	0.354595
584	0.236198
585	0.278073
586	0.192474
587	0.261641
588	0.218582
589	0.291307
590	0.419351
591	0.247653
592	0.275921
593	0.371223
594	0.232704
595	0.401364
596	0.28663
597	0.369561
598	0.317909
599	0.266492
600	0.293668
601	0.282702
602	0.288431
603	0.267723
604	0.244001
605	0.366675
606	0.254265
607	0.247926
608	0.372307
609	0.197133
610	0.285502
611	0.334377
612	0.259727
613	0.220903
614	0.244155
615	0.213951
616	0.270203
617	0.372545
618	0.191858
619	0.408695
620	0.33392
621	0.27654
622	0.368356
623	0.257122
624	0.338556
625	0.312713
626	0.306312
627	0.212679
628	0.283696
629	0.23954
630	0.288045
631	0.218669
632	0.293483
633	0.283522
634	0.187729
635	0.249246
636	0.299014
637	0.356287
638	0.256434
639	0.387274
640	0.232541
641	0.289963
642	0.279295
643	0.347922
644	0.214646
645	0.267573
646	0.304768
647	0.262518
648	0.239858
649	0.196806
650	0.265232
651	0.256449
652	0.258082
653	0.385752
654	0.251791
655	0.29354
656	0.337423
657	0.386666
658	0.232515
659	0.309588
660	0.231969
661	0.287065
662	0.315579
663	0.375875
664	0.285949
665	0.248869
666	0.384088
667	0.269814
668	0.573231
669	0.309158
670	0.264864
671	0.198855
672	0.277308
673	0.282076
674	0.264355
675	0.227917
676	0.370509
677	0.293801
678	0.317594
679	0.27029
680	0.298714
681	0.252081
682	0.271842
683	0.351306
684	0.387673
685	0.393478
686	0.312442
687	0.250079
688	0.370295
689	0.285722
690	0.273355
691	0.396198
692	0.267008
693	0.290151
694	0.303385
695	0.299715
696	0.323943
697	0.391099
698	0.260414
699	0.252285
700	0.256847
701	0.354113
702	0.284146
703	0.263796
704	0.236523
705	0.28596
706	0.46757
707	0.263792
708	0.342697
709	0.312032
710	0.282844
711	0.281539
712	0.219468
713	0.231603
714	0.352443
715	0.340154
716	0.255607
717	0.244875
718	0.363864
719	0.334169
720	0.267408
721	0.247991
722	0.435986
723	0.335679
724	0.273122
725	0.309726
726	0.349718
727	0.281017
728	0.28967
729	0.239632
730	0.236444
731	0.253694
732	0.393154
733	0.310123
734	0.215375
735	0.355122
736	0.331619
737	0.25641
738	0.300459
739	0.257342
740	0.249064
741	0.279283
742	0.266284
743	0.329439
744	0.372904
745	0.314337
746	0.309129
747	0.341477
748	0.262137
749	0.271681
750	0.351806
751	0.245548
752	0.270959
753	0.243203
754	0.385424
755	0.268648
756	0.270152
757	0.283083
758	0.253378
759	0.254434
760	0.300151
761	0.375084
762	0.284262
763	0.179308
764	0.263805
765	0.221746
766	0.207983
767	0.292925
768	0.206531
769	0.301446
770	0.273638
771	0.253317
772	0.223027
773	0.280531
774	0.359032
775	0.34804
776	0.394663
777	0.307998
778	0.316764
779	0.339617
780	0.266574
781	0.229576
782	0.275891
783	0.298144
784	0.259824
785	0.338152
786	0.262249
787	0.418804
788	0.265606
789	0.246152
790	0.252106
791	0.286418
792	0.258261
793	0.229923
794	0.322481
795	0.235003
796	0.376265
797	0.336878
798	0.263019
799	0.294695
800	0.322619
801	0.242683
802	0.360277
803	0.272234
804	0.283428
805	0.299661
806	0.277771
807	0.387502
808	0.292975
809	0.308351
810	0.349228
811	0.258898
812	0.300496
813	0.260649
814	0.247992
815	0.259965
816	0.256366
817	0.359222
818	0.328967
819	0.219861
820	0.340884
821	0.363372
822	0.266162
823	0.292218
824	0.209177
825	0.332082
826	0.356949
827	0.354535
828	0.269638
829	0.215256
830	0.24728
831	0.296105
832	0.319992
833	0.252075
834	0.427874
835	0.289438
836	0.181958
837	0.233582
838	0.250587
839	0.271071
840	0.303128
841	0.284359
842	0.196652
843	0.232112
844	0.288706
845	0.280967
846	0.344731
847	0.28134
848	0.262998
849	0.303174
850	0.231254
851	0.422931
852	0.233204
853	0.302689
854	0.289874
855	0.332045
856	0.229763
857	0.338727
858	0.197752
859	0.254497
860	0.309447
861	0.383557
862	0.330712
863	0.310816
864	0.242101
865	0.241484
866	0.245814
867	0.492522
868	0.32359
869	0.286537
870	0.283383
871	0.268144
872	0.273678
873	0.232995
874	0.284295
875	0.293116
876	0.263963
877	0.294352
878	0.219617
879	0.269821
880	0.244619
881	0.363992
882	0.293237
883	0.24621
884	0.222976
885	0.367361
886	0.247203
887	0.222717
888	0.346507
889	0.267986
890	0.311958
891	0.419892
892	0.382475
893	0.317025
894	0.200609
895	0.24894
896	0.213895
897	0.321217
898	0.195075
899	0.264825
900	0.260435
901	0.287943
902	0.343216
903	0.277018
904	0.310104
905	0.271346
906	0.328318
907	0.271357
908	0.304392
909	0.254037
910	0.359922
911	0.379097
912	0.325139
913	0.310017
914	0.264018
915	0.243605
916	0.335099
917	0.239236
918	0.301477
919	0.321911
920	0.361197
921	0.25852
922	0.332583
923	0.322277
924	0.293539
925	0.267319
926	0.235091
927	0.252205
928	0.215941
929	0.283694
930	0.312168
931	0.257115
932	0.401238
933	0.345298
934	0.265115
935	0.37263
936	0.286925
937	0.265477
938	0.258165
939	0.352026
940	0.224131
941	0.373724
942	0.262851
943	0.287499
944	0.322816
945	0.363547
946	0.240696
947	0.257185
948	0.21942
949	0.293827
950	0.229254
951	0.288601
952	0.222196
953	0.337019
954	0.290237
955	0.284158
956	0.324305
957	0.259197
958	0.241195
959	0.272997
960	0.335386
961	0.326441
962	0.28557
963	0.289288
964	0.290022
965	0.244688
966	0.360009
967	0.311783
968	0.237165
969	0.392538
970	0.263956
971	0.2816
972	0.327796
973	0.350589
974	0.253654
975	0.318369
976	0.324193
977	0.264828
978	0.322536
979	0.337046
980	0.336743
981	0.260665
982	0.284201
983	0.270735
984	0.292645
985	0.327009
986	0.189278
987	0.299947
988	0.280033
989	0.310988
990	0.372129
991	0.283369
992	0.291882
993	0.319405
994	0.368736
995	0.275096
996	0.220979
997	0.23498
998	0.314121
999	0.307812
1000	0.262468
1001	0.233946
1002	0.286722
1003	0.316971
1004	0.265889
1005	0.295341
1006	0.386349
1007	0.272952
1008	0.316102
1009	0.286711
1010	0.257185
1011	0.316193
1012	0.241285
1013	0.325453
1014	0.305207
1015	0.322115
1016	0.331586
1017	0.274278
1018	0.290475
1019	0.259077
1020	0.358955
1021	0.22136
1022	0.323238
1023	0.258573
1024	0.414812
1025	0.354258
1026	0.252543
1027	0.285858
1028	0.247257
1029	0.392112
1030	0.176464
1031	0.245015
1032	0.260539
1033	0.286718
1034	0.220907
1035	0.287895
1036	0.219844
1037	0.247151
1038	0.287107
1039	0.280642
1040	0.239463
1041	0.278008
1042	0.337491
1043	0.222059
1044	0.34218
1045	0.411699
1046	0.32593
1047	0.246585
1048	0.233484
1049	0.270878
1050	0.356788
1051	0.239283
1052	0.402443
1053	0.262266
1054	0.231674
1055	0.414088
1056	0.360749
1057	0.357955
1058	0.288878
1059	0.275558
1060	0.25324
1061	0.381565
1062	0.310746
1063	0.336166
1064	0.359326
1065	0.303219
1066	0.309675
1067	0.305239
1068	0.309985
1069	0.339661
1070	0.229028
1071	0.315531
1072	0.259943
1073	0.30522
1074	0.345766
1075	0.354253
1076	0.366916
1077	0.319939
1078	0.346917
1079	0.253745
1080	0.355202
1081	0.267629
1082	0.30309
1083	0.234895
1084	0.335662
1085	0.240361
1086	0.289388
1087	0.248714
1088	0.340522
1089	0.27556
1090	0.300781
1091	0.334498
1092	0.438399
1093	0.253197
1094	0.320257
1095	0.333099
1096	0.432996
1097	0.302031
1098	0.215861
1099	0.269171
1100	0.34929
1101	0.346899
1102	0.329217
1103	0.24384
1104	0.29057
1105	0.262308
1106	0.217134
1107	0.321556
1108	0.322853
1109	0.240823
1110	0.31277
1111	0.318908
1112	0.276315
1113	0.229402
1114	0.163176
1115	0.307437
1116	0.277589
1117	0.195568
1118	0.351822
1119	0.324063
1120	0.436878
1121	0.235518
1122	0.243823
1123	0.269709
1124	0.285292
1125	0.288976
1126	0.333608
1127	0.325024
1128	0.265228
1129	0.280951
1130	0.26169
1131	0.362365
1132	0.260305
1133	0.23691
1134	0.363433
1135	0.304754
1136	0.463843
1137	0.339602
1138	0.297316
1139	0.234165
1140	0.411653
1141	0.262215
1142	0.298204
1143	0.210528
1144	0.231038
1145	0.249654
1146	0.255386
1147	0.21832
1148	0.436387
1149	0.406927
1150	0.307719
1151	0.308776
1152	0.308484
1153	0.358256
1154	0.264118
1155	0.321031
1156	0.304086
1157	0.270434
1158	0.229571
1159	0.254019
1160	0.288562
1161	0.232686
1162	0.238815
1163	0.316688
1164	0.228017
1165	0.237951
1166	0.333136
1167	0.230715
1168	0.273117
1169	0.243467
1170	0.286992
1171	0.308016
1172	0.267578
1173	0.275687
1174	0.240486
1175	0.346525
1176	0.235076
1177	0.28993
1178	0.295778
1179	0.34509
1180	0.346167
1181	0.221433
1182	0.304661
1183	0.367007
1184	0.292392
1185	0.182984
1186	0.269547
1187	0.258899
1188	0.29565
1189	0.244417
1190	0.239091
1191	0.272942
1192	0.304718
1193	0.273525
1194	0.307578
1195	0.268961
1196	0.291991
1197	0.287152
1198	0.263776
1199	0.200205
1200	0.334051
1201	0.344622
1202	0.259165
1203	0.270896
1204	0.26544
1205	0.293377
1206	0.305301
1207	0.340124
1208	0.257691
1209	0.324132
1210	0.302914
1211	0.27534
1212	0.420702
1213	0.185033
1214	0.245319
1215	0.345399
1216	0.234777
1217	0.256904
1218	0.21338
1219	0.268129
1220	0.281169
1221	0.287546
1222	0.365126
1223	0.215188
1224	0.404952
1225	0.303759
1226	0.283316
1227	0.255096
1228	0.313066
1229	0.257961
1230	0.239128
1231	0.381855
1232	0.340536
1233	0.322073
1234	0.209312
1235	0.270229
1236	0.400557
1237	0.297675
1238	0.41424
1239	0.241723
1240	0.226823
1241	0.342422
1242	0.382368
1243	0.225474
1244	0.330586
1245	0.241884
1246	0.298221
1247	0.287697
1248	0.28902
1249	0.286495
1250	0.259533
1251	0.299521
1252	0.240086
1253	0.327053
1254	0.348904
1255	0.388481
1256	0.289832
1257	0.354895
1258	0.288046
1259	0.256136
1260	0.278084
1261	0.260136
1262	0.272253
1263	0.21538
1264	0.183686
1265	0.254434
1266	0.202259
1267	0.329852
1268	0.245999
1269	0.237045
1270	0.381116
1271	0.374057
1272	0.41952
1273	0.261662
1274	0.223164
1275	0.331275
1276	0.274015
1277	0.242114
1278	0.301362
1279	0.309377
1280	0.286084
1281	0.372198
1282	0.262114
1283	0.269444
1284	0.268981
1285	0.310346
1286	0.159029
1287	0.365851
1288	0.269728
1289	0.315857
1290	0.363167
1291	0.285146
1292	0.268614
1293	0.373798
1294	0.320909
1295	0.328682
1296	0.332839
1297	0.256569
1298	0.361347
1299	0.265642
1300	0.453327
1301	0.345303
1302	0.263369
1303	0.193956
1304	0.298911
1305	0.342811
1306	0.179552
1307	0.346621
1308	0.360352
1309	0.377899
1310	0.347471
1311	0.30348
1312	0.319078
1313	0.323441
1314	0.276309
1315	0.373524
1316	0.30507
1317	0.34783
1318	0.255084
1319	0.270284
1320	0.273514
1321	0.34956
1322	0.252798
1323	0.327605
1324	0.253887
1325	0.275645
1326	0.311387
1327	0.267088
1328	0.284575
1329	0.25538
1330	0.21275
1331	0.232603
1332	0.301064
1333	0.387934
1334	0.271803
1335	0.269697
1336	0.267539
1337	0.309349
1338	0.313391
1339	0.344255
1340	0.341585
1341	0.301198
1342	0.400219
1343	0.231491
1344	0.250521
1345	0.262577
1346	0.304296
1347	0.303595
1348	0.2992
1349	0.323052
1350	0.397077
1351	0.321104
1352	0.252325
1353	0.276627
1354	0.2673
1355	0.313224
1356	0.30921
1357	0.239066
1358	0.347677
1359	0.275152
1360	0.255463
1361	0.321885
1362	0.399345
1363	0.356413
1364	0.323423
1365	0.337424
1366	0.462915
1367	0.335568
1368	0.318679
1369	0.387176
1370	0.282309
1371	0.354332
1372	0.388834
1373	0.315279
1374	0.305377
1375	0.376799
1376	0.284772
1377	0.36128
1378	0.353275
1379	0.332576
1380	0.333069
1381	0.330405
1382	0.258828
1383	0.24061
1384	0.36183
1385	0.301293
1386	0.2424
1387	0.265676
1388	0.331336
1389	0.293886
1390	0.279477
1391	0.314367
1392	0.310129
1393	0.282959
1394	0.276482
1395	0.311878
1396	0.35947
1397	0.315868
1398	0.252168
1399	0.303154
1400	0.316378
1401	0.248628
1402	0.354579
1403	0.282293
1404	0.259902
1405	0.31738
1406	0.245534
1407	0.238488
1408	0.283568
1409	0.254777
1410	0.388903
1411	0.22546
1412	0.333231
1413	0.301646
1414	0.32304
1415	0.297076
1416	0.290914
1417	0.264335
1418	0.211379
1419	0.289312
1420	0.296059
1421	0.312929
1422	0.297813
1423	0.251597
1424	0.361732
1425	0.314454
1426	0.307756
1427	0.158704
1428	0.240052
1429	0.208649
1430	0.285949
1431	0.357597
1432	0.478299
1433	0.344282
1434	0.34019
1435	0.279579
1436	0.299267
1437	0.277747
1438	0.267536
1439	0.287818
1440	0.233364
1441	0.327403
1442	0.319609
1443	0.320884
1444	0.291
1445	0.291272
1446	0.250236
1447	0.237032
1448	0.449831
1449	0.274598
1450	0.285884
1451	0.297532
1452	0.468994
1453	0.29395
1454	0.253623
1455	0.397749
1456	0.277998
1457	0.312371
1458	0.395049
1459	0.246781
1460	0.303052
1461	0.323859
1462	0.198721
1463	0.359427
1464	0.355338
1465	0.258245
1466	0.332382
1467	0.376955
1468	0.274015
1469	0.260393
1470	0.319081
1471	0.255215
1472	0.295109
1473	0.312768
1474	0.271901
1475	0.330171
1476	0.359032
1477	0.224352
1478	0.429775
1479	0.291812
1480	0.383199
1481	0.336259
1482	0.252454
1483	0.355828
1484	0.282908
1485	0.25034
1486	0.209438
1487	0.320407
1488	0.286465
1489	0.286236
1490	0.282974
1491	0.340788
1492	0.223742
1493	0.357016
1494	0.263685
1495	0.368241
1496	0.313425
1497	0.284636
1498	0.200502
1499	0.346712
1500	0.304855
1501	0.279416
1502	0.286908
1503	0.267581
1504	0.243032
1505	0.21045
1506	0.367854
1507	0.238932
1508	0.230942
1509	0.25016
1510	0.259586
1511	0.32217
1512	0.236626
1513	0.293539
1514	0.373096
1515	0.271015
1516	0.235066
1517	0.260801
1518	0.268621
1519	0.443814
1520	0.331023
1521	0.407418
1522	0.382178
1523	0.320387
1524	0.242683
1525	0.293705
1526	0.306454
1527	0.240359
1528	0.205148
1529	0.266335
1530	0.201088
1531	0.24489
1532	0.279744
1533	0.353873
1534	0.261921
1535	0.277777
1536	0.36434
1537	0.230522
1538	0.227199
1539	0.275213
1540	0.429461
1541	0.264242
1542	0.378979
1543	0.232239
1544	0.262665
1545	0.278433
1546	0.291461
1547	0.348832
1548	0.331011
1549	0.313174
1550	0.311597
1551	0.42467
1552	0.198849
1553	0.37058
1554	0.460371
1555	0.291893
1556	0.429265
1557	0.228364
1558	0.259338
1559	0.288661
1560	0.386007
1561	0.334696
1562	0.35921
1563	0.302169
1564	0.241343
1565	0.320261
1566	0.243687
1567	0.282628
1568	0.247918
1569	0.271672
1570	0.329955
1571	0.284146
1572	0.292879
1573	0.279968
1574	0.242748
1575	0.28725
1576	0.29497
1577	0.272755
1578	0.292482
1579	0.332151
1580	0.194505
1581	0.353268
1582	0.466692
1583	0.302057
1584	0.370546
1585	0.382587
1586	0.252428
1587	0.290943
1588	0.306718
1589	0.315437
1590	0.202162
1591	0.223292
1592	0.249655
1593	0.359812
1594	0.367276
1595	0.304917
1596	0.265621
1597	0.261649
1598	0.300713
1599	0.32719
1600	0.237761
1601	0.258648
1602	0.294361
1603	0.38155
1604	0.270931
1605	0.298791
1606	0.307385
1607	0.213717
1608	0.301971
1609	0.250032
1610	0.388771
1611	0.297949
1612	0.257689
1613	0.228837
1614	0.356761
1615	0.324969
1616	0.31282
1617	0.337624
1618	0.285711
1619	0.242427
1620	0.307561
1621	0.250385
1622	0.250894
1623	0.19401
1624	0.362539
1625	0.344084
1626	0.323607
1627	0.260446
1628	0.390075
1629	0.348566
1630	0.192002
1631	0.274079
1632	0.294442
1633	0.278322
1634	0.229498
1635	0.263709
1636	0.259013
1637	0.233532
1638	0.236867
1639	0.244037
1640	0.243046
1641	0.270253
1642	0.262323
1643	0.246454
1644	0.311377
1645	0.301727
1646	0.262912
1647	0.256028
1648	0.384028
1649	0.237546
1650	0.255238
1651	0.227672
1652	0.294714
1653	0.19817
1654	0.335305
1655	0.221953
1656	0.301352
1657	0.340826
1658	0.361204
1659	0.264244
1660	0.272405
1661	0.228548
1662	0.226133
1663	0.309037
1664	0.322298
1665	0.392336
1666	0.322914
1667	0.349722
1668	0.350849
1669	0.248792
1670	0.411992
1671	0.214026
1672	0.277912
1673	0.256097
1674	0.406074
1675	0.222807
1676	0.362467
1677	0.357676
1678	0.362863
1679	0.259441
1680	0.273643
1681	0.236822
1682	0.374835
1683	0.239696
1684	0.288144
1685	0.275119
1686	0.311198
1687	0.357906
1688	0.200773
1689	0.327488
1690	0.290426
1691	0.241976
1692	0.270144
1693	0.290478
1694	0.32866
1695	0.306656
1696	0.347376
1697	0.328048
1698	0.420402
1699	0.274436
1700	0.314459
1701	0.379111
1702	0.282462
1703	0.252237
1704	0.292495
1705	0.28636
1706	0.373534
1707	0.241772
1708	0.36768
1709	0.256193
1710	0.243225
1711	0.287927
1712	0.300435
1713	0.276038
1714	0.337778
1715	0.309911
1716	0.375415
1717	0.370861
1718	0.285812
1719	0.329678
1720	0.28903
1721	0.247473
1722	0.278779
1723	0.277813
1724	0.338931
1725	0.257123
1726	0.288039
1727	0.257776
1728	0.300933
1729	0.365462
1730	0.380162
1731	0.231522
1732	0.347956
1733	0.227304
1734	0.301834
1735	0.286915
1736	0.333647
1737	0.341998
1738	0.315753
1739	0.296149
1740	0.303964
1741	0.240333
1742	0.268292
1743	0.272818
1744	0.237648
1745	0.37295
1746	0.363895
1747	0.253107
1748	0.236176
1749	0.29604
1750	0.292455
1751	0.286919
1752	0.327969
1753	0.383475
1754	0.257659
1755	0.34298
1756	0.256883
1757	0.28792
1758	0.266742
1759	0.272867
1760	0.41201
1761	0.261767
1762	0.24547
1763	0.310759
1764	0.215945
1765	0.241447
1766	0.203162
1767	0.352955
1768	0.322105
1769	0.225745
1770	0.273147
1771	0.338862
1772	0.349291
1773	0.406326
1774	0.27373
1775	0.288279
1776	0.36771
1777	0.260972
1778	0.279605
1779	0.180584
1780	0.226841
1781	0.322303
1782	0.232505
1783	0.275326
1784	0.342664
1785	0.282434
1786	0.309167
1787	0.268724
1788	0.286714
1789	0.331279
1790	0.339878
1791	0.437617
1792	0.245665
1793	0.229018
1794	0.347951
1795	0.312241
1796	0.247069
1797	0.299411
1798	0.278753
1799	0.281081
1800	0.333013
1801	0.257626
1802	0.282701
1803	0.252135
1804	0.23153
1805	0.37497
1806	0.37033
1807	0.285666
1808	0.232
1809	0.253954
1810	0.286363
1811	0.308732
1812	0.271091
1813	0.242735
1814	0.355612
1815	0.254451
1816	0.28329
1817	0.229017
1818	0.284071
1819	0.327752
1820	0.235505
1821	0.305699
1822	0.242607
1823	0.253853
1824	0.346864
1825	0.20902
1826	0.322902
1827	0.337146
1828	0.25832
1829	0.318105
1830	0.349171
1831	0.225828
1832	0.297367
1833	0.160238
1834	0.28656
1835	0.318679
1836	0.37674
1837	0.279675
1838	0.280312
1839	0.226376
1840	0.337969
1841	0.426355
1842	0.358398
1843	0.282264
1844	0.239306
1845	0.292542
1846	0.363539
1847	0.305863
1848	0.394592
1849	0.283513
1850	0.301721
1851	0.310957
1852	0.35115
1853	0.355844
1854	0.331892
1855	0.236448
1856	0.343604
1857	0.272738
1858	0.317169
1859	0.314381
1860	0.33832
1861	0.332275
1862	0.298795
1863	0.383249
1864	0.207223
1865	0.292148
1866	0.264119
1867	0.207995
1868	0.275171
1869	0.350358
1870	0.276307
1871	0.29685
1872	0.267703
1873	0.309868
1874	0.327094
1875	0.260319
1876	0.296596
1877	0.282639
1878	0.398638
1879	0.28179
1880	0.321806
1881	0.218658
1882	0.282466
1883	0.345024
1884	0.299029
1885	0.228285
1886	0.326743
1887	0.368433
1888	0.308915
1889	0.248542
1890	0.346923
1891	0.341066
1892	0.269346
1893	0.294397
1894	0.385938
1895	0.281348
1896	0.326929
1897	0.202774
1898	0.247185
1899	0.354081
1900	0.310301
1901	0.20054
1902	0.251994
1903	0.273709
1904	0.317518
1905	0.240076
1906	0.270372
1907	0.404269
1908	0.369287
1909	0.30122
1910	0.285174
1911	0.267853
1912	0.264662
1913	0.455761
1914	0.365172
1915	0.248633
1916	0.302946
1917	0.314249
1918	0.313435
1919	0.39859
1920	0.23338
1921	0.282149
1922	0.206228
1923	0.224465
1924	0.337692
1925	0.514687
1926	0.258675
1927	0.226185
1928	0.257258
1929	0.296551
1930	0.319534
1931	0.262394
1932	0.235739
1933	0.265664
1934	0.262413
1935	0.251725
1936	0.264223
1937	0.327725
1938	0.307055
1939	0.306648
1940	0.287256
1941	0.412285
1942	0.404315
1943	0.353898
1944	0.331577
1945	0.295242
1946	0.296629
1947	0.28539
1948	0.326891
1949	0.353866
1950	0.3639
1951	0.31142
1952	0.351332
1953	0.295517
1954	0.216639
1955	0.196776
1956	0.296027
1957	0.321138
1958	0.273312
1959	0.265433
1960	0.283558
1961	0.353491
1962	0.247658
1963	0.290452
1964	0.243318
1965	0.382139
1966	0.251079
1967	0.445005
1968	0.275124
1969	0.218966
1970	0.292353
1971	0.311856
1972	0.290135
1973	0.314812
1974	0.319974
1975	0.231944
1976	0.329736
1977	0.23287
1978	0.323614
1979	0.330053
1980	0.224094
1981	0.292857
1982	0.240139
1983	0.252874
1984	0.241444
1985	0.234995
1986	0.319421
1987	0.218747
1988	0.349628
1989	0.247085
1990	0.374044
1991	0.231903
1992	0.308649
1993	0.219966
1994	0.306337
1995	0.283981
1996	0.253959
1997	0.212925
1998	0.29537
1999	0.280139
2000	0.255285
2001	0.299389
2002	0.385822
2003	0.30809
2004	0.313041
2005	0.193315
2006	0.297536
2007	0.336158
2008	0.295875
2009	0.378745
2010	0.277968
2011	0.265383
2012	0.28131
2013	0.312711
2014	0.370535
2015	0.251195
2016	0.284522
2017	0.411362
2018	0.279512
2019	0.39891
2020	0.227491
2021	0.273508
2022	0.442331
2023	0.253631
2024	0.345943
2025	0.36174
2026	0.407062
2027	0.249376
2028	0.386519
2029	0.273038
2030	0.36365
2031	0.386835
2032	0.302497
2033	0.37372
2034	0.237385
2035	0.31556
2036	0.298764
2037	0.275237
2038	0.29528
2039	0.278629
2040	0.29054
2041	0.27548
2042	0.286495
2043	0.286242
2044	0.279976
2045	0.260703
2046	0.34129
2047	0.472955
2048	0.316045
2049	0.285953
2050	0.247134
2051	0.282077
2052	0.347751
2053	0.356926
2054	0.286172
2055	0.418672
2056	0.303247
2057	0.354819
2058	0.3124
2059	0.208454
2060	0.291326
2061	0.222306
2062	0.27338
2063	0.277664
2064	0.362084
2065	0.235404
2066	0.396815
2067	0.29927
2068	0.239947
2069	0.284973
2070	0.259917
2071	0.270315
2072	0.29223
2073	0.226602
2074	0.239117
2075	0.242924
2076	0.286572
2077	0.316142
2078	0.230551
2079	0.32426
2080	0.280509
2081	0.367945
2082	0.472332
2083	0.198226
2084	0.27605
2085	0.259111
2086	0.347124
2087	0.295324
2088	0.420871
2089	0.25634
2090	0.199997
2091	0.315556
2092	0.298563
2093	0.480642
2094	0.336046
2095	0.233682
2096	0.221543
2097	0.28725
2098	0.338613
2099	0.387502
2100	0.409326
2101	0.462049
2102	0.248309
2103	0.312822
2104	0.241259
2105	0.32655
2106	0.245335
2107	0.386179
2108	0.303369
2109	0.291424
2110	0.333978
2111	0.324006
2112	0.297242
2113	0.558411
2114	0.264641
2115	0.408332
2116	0.289497
2117	0.331559
2118	0.273148
2119	0.233702
2120	0.344301
2121	0.212338
2122	0.276474
2123	0.224083
2124	0.338489
2125	0.305857
2126	0.407594
2127	0.296979
2128	0.362142
2129	0.298931
2130	0.324054
2131	0.326699
2132	0.293421
2133	0.312937
2134	0.292842
2135	0.267345
2136	0.232135
2137	0.200211
2138	0.229297
2139	0.236722
2140	0.326446
2141	0.323705
2142	0.308847
2143	0.259978
2144	0.314553
2145	0.232451
2146	0.257252
2147	0.252392
2148	0.276499
2149	0.397236
2150	0.240141
2151	0.295078
2152	0.240954
2153	0.267826
2154	0.305108
2155	0.28059
2156	0.354407
2157	0.396165
2158	0.316409
2159	0.225167
2160	0.281575
2161	0.228823
2162	0.288548
2163	0.35608
2164	0.233735
2165	0.34831
2166	0.380066
2167	0.363475
2168	0.304969
2169	0.26116
2170	0.31459
2171	0.333104
2172	0.292718
2173	0.271549
2174	0.251229
2175	0.335161
2176	0.452059
2177	0.241702
2178	0.258763
2179	0.357434
2180	0.27954
2181	0.306111
2182	0.264622
2183	0.328433
2184	0.229242
2185	0.269872
2186	0.248837
2187	0.154074
2188	0.286329
2189	0.403517
2190	0.361809
2191	0.245924
2192	0.450312
2193	0.422215
2194	0.259518
2195	0.351411
2196	0.309558
2197	0.228264
2198	0.307662
2199	0.295136
2200	0.188192
2201	0.303348
2202	0.440975
2203	0.224627
2204	0.259112
2205	0.266396
2206	0.204855
2207	0.182124
2208	0.357404
2209	0.197439
2210	0.404449
2211	0.22418
2212	0.261651
2213	0.344437
2214	0.344814
2215	0.340631
2216	0.333824
2217	0.306227
2218	0.191257
2219	0.37212
2220	0.235573
2221	0.359619
2222	0.247729
2223	0.246855
2224	0.363588
2225	0.297995
2226	0.242658
2227	0.220631
2228	0.282617
2229	0.261832
2230	0.267687
2231	0.316652
2232	0.249615
2233	0.352571
2234	0.262309
2235	0.322464
2236	0.253781
2237	0.30773
2238	0.385475
2239	0.257587
2240	0.27751
2241	0.273129
2242	0.284469
2243	0.331966
2244	0.298626
2245	0.218936
2246	0.390447
2247	0.216824
2248	0.244886
2249	0.322654
2250	0.263549
2251	0.278095
2252	0.319871
2253	0.279927
2254	0.295215
2255	0.244161
2256	0.434464
2257	0.568932
2258	0.372592
2259	0.270027
2260	0.266852
2261	0.273584
2262	0.318473
2263	0.326006
2264	0.324928
2265	0.363936
2266	0.313981
2267	0.291892
2268	0.286897
2269	0.264238
2270	0.302604
2271	0.267614
2272	0.273346
2273	0.251418
2274	0.266151
2275	0.29144
2276	0.284293
2277	0.262405
2278	0.300084
2279	0.268567
2280	0.211501
2281	0.298618
2282	0.247833
2283	0.249943
2284	0.227614
2285	0.227534
2286	0.192079
2287	0.236114
2288	0.252557
2289	0.319014
2290	0.341506
2291	0.414793
2292	0.323838
2293	0.401993
2294	0.3052
2295	0.210884
2296	0.261811
2297	0.245531
2298	0.321363
2299	0.239883
2300	0.239116
2301	0.22375
2302	0.252127
2303	0.219119
2304	0.200502
2305	0.288692
2306	0.327026
2307	0.236716
2308	0.251116
2309	0.247251
2310	0.278171
2311	0.25632
2312	0.325728
2313	0.227448
2314	0.234387
2315	0.296329
2316	0.263829
2317	0.272405
2318	0.220407
2319	0.322969
2320	0.250884
2321	0.237746
2322	0.224979
2323	0.275486
2324	0.279309
2325	0.316365
2326	0.271166
2327	0.188704
2328	0.364683
2329	0.27055
2330	0.283387
2331	0.308673
2332	0.308904
2333	0.245668
2334	0.382974
2335	0.317755
2336	0.376348
2337	0.440499
2338	0.366227
2339	0.485008
2340	0.188898
2341	0.292038
2342	0.18698
2343	0.319124
2344	0.329209
2345	0.308566
2346	0.372733
2347	0.304156
2348	0.313954
2349	0.356121
2350	0.26066
2351	0.382014
2352	0.272503
2353	0.268179
2354	0.228625
2355	0.341565
2356	0.509855
2357	0.304391
2358	0.291351
2359	0.248193
2360	0.231173
2361	0.291157
2362	0.250165
2363	0.265387
2364	0.265423
2365	0.342927
2366	0.297775
2367	0.235521
2368	0.253293
2369	0.242469
2370	0.303263
2371	0.372925
2372	0.279379
2373	0.280197
2374	0.321839
2375	0.244881
2376	0.191209
2377	0.285572
2378	0.285071
2379	0.322891
2380	0.292262
2381	0.30616
2382	0.342393
2383	0.270673
2384	0.174127
2385	0.231446
2386	0.300254
2387	0.33817
2388	0.446073
2389	0.268811
2390	0.293481
2391	0.227788
2392	0.299735
2393	0.250425
2394	0.413238
2395	0.27292
2396	0.275423
2397	0.240579
2398	0.351496
2399	0.237858
2400	0.245208
2401	0.23039
2402	0.31046
2403	0.300213
2404	0.272763
2405	0.370836
2406	0.299311
2407	0.243333
2408	0.254919
2409	0.274621
2410	0.410616
2411	0.333025
2412	0.39336
2413	0.357184
2414	0.21551
2415	0.33415
2416	0.217008
2417	0.413203
2418	0.383385
2419	0.395477
2420	0.290361
2421	0.238199
2422	0.323412
2423	0.373786
2424	0.235833
2425	0.316278
2426	0.294859
2427	0.399495
2428	0.242409
2429	0.441324
2430	0.334795
2431	0.393705
2432	0.222422
2433	0.471249
2434	0.240932
2435	0.275884
2436	0.350425
2437	0.385949
2438	0.434455
2439	0.308303
2440	0.329702
2441	0.247035
2442	0.355118
2443	0.32481
2444	0.304208
2445	0.411825
2446	0.274566
2447	0.368609
2448	0.22295
2449	0.314957
2450	0.364734
2451	0.223787
2452	0.44839
2453	0.298315
2454	0.350359
2455	0.246076
2456	0.421237
2457	0.352722
2458	0.304657
2459	0.38436
2460	0.318604
2461	0.271898
2462	0.225511
2463	0.26843
2464	0.311278
2465	0.251527
2466	0.237656
2467	0.274811
2468	0.319258
2469	0.21972
2470	0.386392
2471	0.238315
2472	0.419722
2473	0.465295
2474	0.254453
2475	0.225332
2476	0.221667
2477	0.278946
2478	0.163663
2479	0.287876
2480	0.361729
2481	0.342377
2482	0.317293
2483	0.300069
2484	0.348802
2485	0.26532
2486	0.352257
2487	0.370671
2488	0.283507
2489	0.223609
2490	0.30589
2491	0.322037
2492	0.315592
2493	0.27614
2494	0.250541
2495	0.46467
2496	0.317312
2497	0.350902
2498	0.285234
2499	0.222113
2500	0.277146
2501	0.2314
2502	0.329587
2503	0.257984
2504	0.308933
2505	0.280994
2506	0.351432
2507	0.364196
2508	0.292692
2509	0.193357
2510	0.221886
2511	0.313176
2512	0.345188
2513	0.199104
2514	0.280244
2515	0.25919
2516	0.244464
2517	0.329794
2518	0.282116
2519	0.313636
2520	0.290918
2521	0.321295
2522	0.353046
2523	0.420946
2524	0.242836
2525	0.285142
2526	0.238403
2527	0.29651
2528	0.312465
2529	0.272084
2530	0.285364
2531	0.343619
2532	0.234584
2533	0.364305
2534	0.286666
2535	0.30755
2536	0.290704
2537	0.363743
2538	0.24132
2539	0.170604
2540	0.331242
2541	0.275778
2542	0.319322
2543	0.26786
2544	0.223642
2545	0.246069
2546	0.38582
2547	0.372008
2548	0.441654
2549	0.258103
2550	0.2525
2551	0.220504
2552	0.312279
2553	0.244134
2554	0.259082
2555	0.364795
2556	0.234335
2557	0.306245
2558	0.215562
2559	0.2226
2560	0.277978
2561	0.230546
2562	0.318228
2563	0.323409
2564	0.392079
2565	0.257334
2566	0.346231
2567	0.338398
2568	0.298265
2569	0.394769
2570	0.364833
2571	0.244171
2572	0.279976
2573	0.269911
2574	0.261749
2575	0.277454
2576	0.300114
2577	0.257883
2578	0.355851
2579	0.244588
2580	0.244455
2581	0.260346
2582	0.309772
2583	0.414971
2584	0.491345
2585	0.317538
2586	0.319274
2587	0.439912
2588	0.220465
2589	0.426479
2590	0.393979
2591	0.311189
2592	0.247084
2593	0.32624
2594	0.350691
2595	0.326464
2596	0.210842
2597	0.286408
2598	0.276573
2599	0.353756
2600	0.244696
2601	0.26974
2602	0.331068
2603	0.365631
2604	0.317761
2605	0.268037
2606	0.3991
2607	0.373614
2608	0.358561
2609	0.309966
2610	0.32399
2611	0.326046
2612	0.291256
2613	0.278694
2614	0.243531
2615	0.249212
2616	0.346274
2617	0.271133
2618	0.323017
2619	0.383612
2620	0.257256
2621	0.372443
2622	0.292405
2623	0.259074
2624	0.335557
2625	0.340377
2626	0.269883
2627	0.211915
2628	0.228312
2629	0.266867
2630	0.2817
2631	0.261827
2632	0.288114
2633	0.250155
2634	0.205107
2635	0.258568
2636	0.3872
2637	0.264154
2638	0.260603
2639	0.280144
2640	0.219997
2641	0.278368
2642	0.270212
2643	0.263169
2644	0.333862
2645	0.248785
2646	0.245558
2647	0.304366
2648	0.341977
2649	0.226177
2650	0.20677
2651	0.379981
2652	0.330804
2653	0.193128
2654	0.25125
2655	0.271504
2656	0.296065
2657	0.30614
2658	0.30909
2659	0.301875
2660	0.213824
2661	0.262018
2662	0.400265
2663	0.350161
2664	0.351237
2665	0.43875
2666	0.275761
2667	0.405616
2668	0.450922
2669	0.347613
2670	0.218045
2671	0.182183
2672	0.261177
2673	0.321879
2674	0.434115
2675	0.314507
2676	0.216035
2677	0.251661
2678	0.307466
2679	0.279019
2680	0.339151
2681	0.378646
2682	0.290027
2683	0.271684
2684	0.227876
2685	0.275843
2686	0.287926
2687	0.287247
2688	0.298331
2689	0.350249
2690	0.262884
2691	0.260601
2692	0.226927
2693	0.313311
2694	0.240603
2695	0.312876
2696	0.219367
2697	0.355241
2698	0.192362
2699	0.306759
2700	0.21441
2701	0.338891
2702	0.228266
2703	0.229295
2704	0.210683
2705	0.30573
2706	0.293214
2707	0.320423
2708	0.296358
2709	0.244991
2710	0.21724
2711	0.273674
2712	0.207058
2713	0.290131
2714	0.247911
2715	0.484467
2716	0.236781
2717	0.368489
2718	0.289276
2719	0.287538
2720	0.270277
2721	0.291815
2722	0.315198
2723	0.299157
2724	0.324972
2725	0.346445
2726	0.259449
2727	0.222967
2728	0.348504
2729	0.392745
2730	0.299583
2731	0.413562
2732	0.263695
2733	0.32485
2734	0.365555
2735	0.361341
2736	0.279791
2737	0.28965
2738	0.28428
2739	0.387902
2740	0.278438
2741	0.41909
2742	0.269292
2743	0.392536
2744	0.351518
2745	0.340497
2746	0.302382
2747	0.446771
2748	0.395501
2749	0.23687
2750	0.431074
2751	0.329265
2752	0.309358
2753	0.278396
2754	0.393118
2755	0.281901
2756	0.385975
2757	0.322326
2758	0.288165
2759	0.20424
2760	0.304063
2761	0.235235
2762	0.280936
2763	0.292041
2764	0.412497
2765	0.248515
2766	0.296371
2767	0.297203
2768	0.25508
2769	0.265783
2770	0.366263
2771	0.322235
2772	0.396087
2773	0.393976
2774	0.229216
2775	0.202839
2776	0.27222
2777	0.356636
2778	0.271164
2779	0.22028
2780	0.283036
2781	0.199951
2782	0.369377
2783	0.266098
2784	0.42604
2785	0.259068
2786	0.298636
2787	0.233556
2788	0.274856
2789	0.385114
2790	0.332668
2791	0.258501
2792	0.315699
2793	0.327157
2794	0.297915
2795	0.219508
2796	0.235263
2797	0.2543
2798	0.210643
2799	0.237845
2800	0.383198
2801	0.287721
2802	0.3225
2803	0.355255
2804	0.187722
2805	0.326891
2806	0.239435
2807	0.288059
2808	0.217905
2809	0.35123
2810	0.283232
2811	0.330356
2812	0.312163
2813	0.309257
2814	0.257508
2815	0.31591
2816	0.293975
2817	0.281311
2818	0.29032
2819	0.498931
2820	0.291984
2821	0.279228
2822	0.430313
2823	0.249871
2824	0.241924
2825	0.328268
2826	0.28349
2827	0.298982
2828	0.301897
2829	0.474051
2830	0.291989
2831	0.273555
2832	0.312458
2833	0.357942
2834	0.278695
2835	0.294003
2836	0.285199
2837	0.394943
2838	0.291095
2839	0.334669
2840	0.239551
2841	0.311641
2842	0.294376
2843	0.298189
2844	0.27236
2845	0.350786
2846	0.406678
2847	0.272332
2848	0.336824
2849	0.381213
2850	0.326805
2851	0.332183
2852	0.272172
2853	0.33428
2854	0.401229
2855	0.330693
2856	0.436659
2857	0.372252
2858	0.412992
2859	0.344198
2860	0.334989
2861	0.2087
2862	0.255309
2863	0.313086
2864	0.240152
2865	0.400723
2866	0.280307
2867	0.26828
2868	0.316388
2869	0.309045
2870	0.252657
2871	0.239551
2872	0.356521
2873	0.201635
2874	0.24149
2875	0.348502
2876	0.308568
2877	0.265532
2878	0.232846
2879	0.240545
2880	0.414128
2881	0.267857
2882	0.338392
2883	0.342723
2884	0.238342
2885	0.24392
2886	0.288088
2887	0.438961
2888	0.45811
2889	0.326399
2890	0.303373
2891	0.29831
2892	0.314884
2893	0.235551
2894	0.347573
2895	0.303937
2896	0.30825
2897	0.295523
2898	0.300947
2899	0.238269
2900	0.221965
2901	0.290321
2902	0.328926
2903	0.27981
2904	0.297478
2905	0.311652
2906	0.291292
2907	0.231254
2908	0.272502
2909	0.415565
2910	0.288398
2911	0.29583
2912	0.450222
2913	0.319057
2914	0.275008
2915	0.290248
2916	0.271644
2917	0.343168
2918	0.314074
2919	0.30586
2920	0.299974
2921	0.355169
2922	0.258189
2923	0.362357
2924	0.305479
2925	0.249099
2926	0.265442
2927	0.200916
2928	0.324095
2929	0.253194
2930	0.318533
2931	0.287735
2932	0.324525
2933	0.337003
2934	0.288856
2935	0.228812
2936	0.368832
2937	0.286796
2938	0.352566
2939	0.221044
2940	0.333256
2941	0.288572
2942	0.30694
2943	0.255628
2944	0.286781
2945	0.27722
2946	0.242907
2947	0.304429
2948	0.308396
2949	0.275864
2950	0.204066
2951	0.334103
2952	0.26533
2953	0.349453
2954	0.26714
2955	0.310633
2956	0.312732
2957	0.292548
2958	0.240866
2959	0.393225
2960	0.300555
2961	0.251595
2962	0.300643
2963	0.217156
2964	0.226998
2965	0.323856
2966	0.24724
2967	0.353552
2968	0.275418
2969	0.257286
2970	0.240333
2971	0.244266
2972	0.319291
2973	0.369433
2974	0.298972
2975	0.290028
2976	0.331537
2977	0.322622
2978	0.393634
2979	0.361112
2980	0.251525
2981	0.404218
2982	0.246331
2983	0.359315
2984	0.409742
2985	0.30501
2986	0.321989
2987	0.294584
2988	0.264588
2989	0.408327
2990	0.360083
2991	0.259706
2992	0.423976
2993	0.346195
2994	0.334205
2995	0.338196
2996	0.251444
2997	0.321467
2998	0.222305
2999	0.373118
3000	0.300368
3001	0.263171
3002	0.295194
3003	0.349638
3004	0.244851
3005	0.311809
3006	0.216863
3007	0.254341
3008	0.271568
3009	0.298956
3010	0.27321
3011	0.222241
3012	0.494108
3013	0.259419
3014	0.244049
3015	0.443055
3016	0.306962
3017	0.268326
3018	0.316856
3019	0.341252
3020	0.348828
3021	0.316316
3022	0.301437
3023	0.273049
3024	0.272555
3025	0.296857
3026	0.296874
3027	0.450667
3028	0.320479
3029	0.278852
3030	0.222174
3031	0.364579
3032	0.286338
3033	0.274091
3034	0.24427
3035	0.31979
3036	0.253655
3037	0.263465
3038	0.294793
3039	0.382389
3040	0.210456
3041	0.309547
3042	0.323104
3043	0.444855
3044	0.279064
3045	0.279513
3046	0.309687
3047	0.268165
3048	0.35915
3049	0.281109
3050	0.278385
3051	0.262553
3052	0.336226
3053	0.273377
3054	0.394767
3055	0.237477
3056	0.3439
3057	0.322401
3058	0.249022
3059	0.221147
3060	0.21911
3061	0.37637
3062	0.236701
3063	0.334995
3064	0.305611
3065	0.373307
3066	0.320056
3067	0.375235
3068	0.341343
3069	0.288575
3070	0.504739
3071	0.315965
3072	0.385766
3073	0.331205
3074	0.211725
3075	0.244485
3076	0.217224
3077	0.23321
3078	0.268004
3079	0.289945
3080	0.272698
3081	0.262366
3082	0.263811
3083	0.257165
3084	0.209942
3085	0.24313
3086	0.270044
3087	0.330928
3088	0.319729
3089	0.278993
3090	0.236682
3091	0.263537
3092	0.268505
3093	0.290453
3094	0.243356
3095	0.235113
3096	0.402889
3097	0.245046
3098	0.240183
3099	0.455911
3100	0.224634
3101	0.244937
3102	0.204205
3103	0.279686
3104	0.312157
3105	0.332216
3106	0.217789
3107	0.157005
3108	0.272633
3109	0.30811
3110	0.381459
3111	0.329918
3112	0.349989
3113	0.255001
3114	0.206486
3115	0.235916
3116	0.270587
3117	0.339751
3118	0.234376
3119	0.329534
3120	0.285196
3121	0.226573
3122	0.238896
3123	0.297249
3124	0.273116
3125	0.382163
3126	0.346088
3127	0.263293
3128	0.321795
3129	0.358646
3130	0.296966
3131	0.359531
3132	0.265964
3133	0.309195
3134	0.348328
3135	0.320929
3136	0.268188
3137	0.329283
3138	0.294298
3139	0.341616
3140	0.392086
3141	0.332243
3142	0.361497
3143	0.300628
3144	0.272348
3145	0.353502
3146	0.358945
3147	0.265465
3148	0.248762
3149	0.271396
3150	0.221571
3151	0.304821
3152	0.352728
3153	0.32144
3154	0.342166
3155	0.308305
3156	0.382064
3157	0.270364
3158	0.4073
3159	0.330479
3160	0.238432
3161	0.276122
3162	0.24874
3163	0.203022
3164	0.210483
3165	0.257835
3166	0.3098
3167	0.322709
3168	0.21724
3169	0.282754
3170	0.226531
3171	0.305227
3172	0.335683
3173	0.269024
3174	0.271797
3175	0.366631
3176	0.258471
3177	0.31404
3178	0.289468
3179	0.273567
3180	0.32693
3181	0.285448
3182	0.221304
3183	0.268464
3184	0.383358
3185	0.260912
3186	0.253824
3187	0.276637
3188	0.266962
3189	0.286203
3190	0.430185
3191	0.295872
3192	0.314115
3193	0.319336
3194	0.424863
3195	0.373915
3196	0.256518
3197	0.376177
3198	0.327279
3199	0.287885
3200	0.179735
3201	0.360462
3202	0.258332
3203	0.254379
3204	0.288097
3205	0.431812
3206	0.266359
3207	0.297317
3208	0.305685
3209	0.349881
3210	0.233263
3211	0.273319
3212	0.310564
3213	0.292043
3214	0.319216
3215	0.383134
3216	0.450211
3217	0.291287
3218	0.191444
3219	0.47505
3220	0.261294
3221	0.353905
3222	0.328677
3223	0.34402
3224	0.232134
3225	0.336043
3226	0.297709
3227	0.295162
3228	0.327792
3229	0.383886
3230	0.452919
3231	0.352322
3232	0.225205
3233	0.327121
3234	0.235779
3235	0.254427
3236	0.405927
3237	0.264601
3238	0.328714
3239	0.25019
3240	0.409729
3241	0.298485
3242	0.261199
3243	0.247268
3244	0.220285
3245	0.270692
3246	0.2755
3247	0.484396
3248	0.269808
3249	0.255906
3250	0.292494
3251	0.286167
3252	0.302033
3253	0.256254
3254	0.335139
3255	0.357075
3256	0.332591
3257	0.223797
3258	0.218014
3259	0.27609
3260	0.426831
3261	0.282257
3262	0.305457
3263	0.349477
3264	0.302808
3265	0.336263
3266	0.28072
3267	0.303452
3268	0.308064
3269	0.293489
3270	0.353187
3271	0.261782
3272	0.251574
3273	0.297635
3274	0.46366
3275	0.295773
3276	0.275577
3277	0.361809
3278	0.314705
3279	0.350493
3280	0.393877
3281	0.194925
3282	0.261729
3283	0.325717
3284	0.293706
3285	0.325603
3286	0.291224
3287	0.221134
3288	0.305519
3289	0.374587
3290	0.265975
3291	0.450541
3292	0.292068
3293	0.322257
3294	0.299451
3295	0.250372
3296	0.361197
3297	0.301942
3298	0.371174
3299	0.370222
3300	0.331161
3301	0.232372
3302	0.241691
3303	0.361467
3304	0.298181
3305	0.318372
3306	0.319939
3307	0.262073
3308	0.440292
3309	0.345615
3310	0.414325
3311	0.269101
3312	0.411626
3313	0.431054
3314	0.348363
3315	0.336383
3316	0.457053
3317	0.263286
3318	0.369567
3319	0.155666
3320	0.360065
3321	0.337091
3322	0.213036
3323	0.287391
3324	0.340674
3325	0.235297
3326	0.323337
3327	0.358232
3328	0.288289
3329	0.3134
3330	0.20277
3331	0.25984
3332	0.269037
3333	0.239576
3334	0.320575
3335	0.358224
3336	0.327903
3337	0.279433
3338	0.372187
3339	0.262685
3340	0.38801
3341	0.269957
3342	0.37622
3343	0.222639
3344	0.269266
3345	0.356843
3346	0.279296
3347	0.322936
3348	0.251397
3349	0.292183
3350	0.268831
3351	0.231555
3352	0.236029
3353	0.232393
3354	0.351998
3355	0.384676
3356	0.303767
3357	0.312429
3358	0.311308
3359	0.348954
3360	0.247114
3361	0.414506
3362	0.250752
3363	0.308132
3364	0.465763
3365	0.258145
3366	0.285226
3367	0.345256
3368	0.378228
3369	0.266525
3370	0.498476
3371	0.238766
3372	0.361091
3373	0.344796
3374	0.327016
3375	0.358312
3376	0.31398
3377	0.345703
3378	0.213211
3379	0.284917
3380	0.337681
3381	0.272014
3382	0.274142
3383	0.442106
3384	0.289289
3385	0.362588
3386	0.210207
3387	0.325033
3388	0.389376
3389	0.247322
3390	0.345131
3391	0.303541
3392	0.279659
3393	0.270192
3394	0.249528
3395	0.294071
3396	0.303542
3397	0.49366
3398	0.314862
3399	0.307899
3400	0.429989
3401	0.317799
3402	0.408278
3403	0.34316
3404	0.29985
3405	0.259401
3406	0.324312
3407	0.340136
3408	0.322986
3409	0.193576
3410	0.303858
3411	0.24753
3412	0.464179
3413	0.287376
3414	0.284402
3415	0.198511
3416	0.236669
3417	0.287687
3418	0.267869
3419	0.445408
3420	0.355615
3421	0.252507
3422	0.329044
3423	0.392797
3424	0.317828
3425	0.364211
3426	0.236005
3427	0.361266
3428	0.248428
3429	0.273199
3430	0.208213
3431	0.349936
3432	0.395528
3433	0.283227
3434	0.249368
3435	0.349369
3436	0.261676
3437	0.271507
3438	0.357822
3439	0.265406
3440	0.203057
3441	0.279186
3442	0.224974
3443	0.356511
3444	0.353848
3445	0.30261
3446	0.311729
3447	0.296827
3448	0.275859
3449	0.308194
3450	0.32283
3451	0.445763
3452	0.249327
3453	0.353283
3454	0.366205
3455	0.221339
3456	0.218416
3457	0.32921
3458	0.249312
3459	0.245754
3460	0.236684
3461	0.407684
3462	0.294823
3463	0.336708
3464	0.276092
3465	0.426066
3466	0.307294
3467	0.342538
3468	0.302996
3469	0.236156
3470	0.308931
3471	0.330087
3472	0.265951
3473	0.272189
3474	0.277512
3475	0.390517
3476	0.273284
3477	0.453288
3478	0.243171
3479	0.263246
3480	0.218622
3481	0.289538
3482	0.215719
3483	0.27756
3484	0.253653
3485	0.279865
3486	0.34032
3487	0.301727
3488	0.359703
3489	0.259063
3490	0.316015
3491	0.335088
3492	0.323864
3493	0.2676
3494	0.360848
3495	0.33565
3496	0.260588
3497	0.231313
3498	0.202798
3499	0.223723
3500	0.236231
3501	0.24557
3502	0.256138
3503	0.302096
3504	0.312262
3505	0.213356
3506	0.291407
3507	0.310626
3508	0.37737
3509	0.273483
3510	0.336232
3511	0.286551
3512	0.248355
3513	0.231942
3514	0.256034
3515	0.218825
3516	0.417635
3517	0.204868
3518	0.214595
3519	0.325261
3520	0.328781
3521	0.308414
3522	0.237295
3523	0.283101
3524	0.416642
3525	0.27017
3526	0.305315
3527	0.408585
3528	0.278174
3529	0.400191
3530	0.256104
3531	0.385766
3532	0.34723
3533	0.302697
3534	0.286756
3535	0.278171
3536	0.289531
3537	0.348571
3538	0.289097
3539	0.529134
3540	0.282867
3541	0.436361
3542	0.34061
3543	0.32935
3544	0.28475
3545	0.409993
3546	0.30063
3547	0.215595
3548	0.313203
3549	0.244884
3550	0.368094
3551	0.275737
3552	0.241122
3553	0.272968
3554	0.280244
3555	0.407529
3556	0.420935
3557	0.266312
3558	0.334902
3559	0.28402
3560	0.352129
3561	0.296613
3562	0.321455
3563	0.371249
3564	0.252512
3565	0.35672
3566	0.298025
3567	0.270956
3568	0.283575
3569	0.237488
3570	0.219902
3571	0.270575
3572	0.281718
3573	0.271698
3574	0.464418
3575	0.295628
3576	0.342559
3577	0.255847
3578	0.345889
3579	0.244141
3580	0.38786
3581	0.290279
3582	0.224709
3583	0.294249
3584	0.345839
3585	0.342853
3586	0.302969
3587	0.279388
3588	0.372323
3589	0.353292
3590	0.251539
3591	0.324978
3592	0.27692
3593	0.195689
3594	0.206251
3595	0.262132
3596	0.240907
3597	0.281156
3598	0.298548
3599	0.24194
3600	0.282851
3601	0.2332
3602	0.270376
3603	0.2992
3604	0.343446
3605	0.23604
3606	0.200919
3607	0.371084
3608	0.41154
3609	0.374863
3610	0.267416
3611	0.264077
3612	0.297182
3613	0.34067
3614	0.246741
3615	0.324734
3616	0.270933
3617	0.357127
3618	0.319158
3619	0.413508
3620	0.315051
3621	0.382731
3622	0.255141
3623	0.365032
3624	0.30614
3625	0.38764
3626	0.279319
3627	0.213557
3628	0.373705
3629	0.319564
3630	0.274572
3631	0.276503
3632	0.247699
3633	0.267905
3634	0.178669
3635	0.235021
3636	0.30832
3637	0.38232
3638	0.370288
3639	0.341848
3640	0.279856
3641	0.281757
3642	0.352101
3643	0.263841
3644	0.374217
3645	0.275378
3646	0.314147
3647	0.335822
3648	0.33511
3649	0.197338
3650	0.437908
3651	0.259605
3652	0.311036
3653	0.253649
3654	0.330656
3655	0.311874
3656	0.249318
3657	0.277588
3658	0.355776
3659	0.22192
3660	0.248578
3661	0.287755
3662	0.283625
3663	0.363192
3664	0.225627
3665	0.188658
3666	0.333179
3667	0.284019
3668	0.315046
3669	0.318523
3670	0.415551
3671	0.176993
3672	0.256569
3673	0.266721
3674	0.304106
3675	0.191899
3676	0.313675
3677	0.250003
3678	0.220027
3679	0.269856
3680	0.329785
3681	0.191762
3682	0.299422
3683	0.282256
3684	0.394694
3685	0.363907
3686	0.375047
3687	0.221891
3688	0.258275
3689	0.451061
3690	0.326278
3691	0.265578
3692	0.393779
3693	0.347944
3694	0.292805
3695	0.292808
3696	0.51039
3697	0.278365
3698	0.20312
3699	0.23226
3700	0.231035
3701	0.305542
3702	0.483299
3703	0.245884
3704	0.233098
3705	0.29079
3706	0.308527
3707	0.234171
3708	0.410979
3709	0.301136
3710	0.20053
3711	0.253444
3712	0.249562
3713	0.366873
3714	0.282318
3715	0.285982
3716	0.239106
3717	0.279955
3718	0.195053
3719	0.341131
3720	0.29633
3721	0.270146
3722	0.300496
3723	0.274106
3724	0.346744
3725	0.26904
3726	0.21956
3727	0.295298
3728	0.323776
3729	0.217458
3730	0.534947
3731	0.372113
3732	0.310482
3733	0.277681
3734	0.316973
3735	0.287607
3736	0.30196
3737	0.320469
3738	0.207109
3739	0.244821
3740	0.260998
3741	0.338745
3742	0.229537
3743	0.343558
3744	0.345944
3745	0.347548
3746	0.231579
3747	0.407773
3748	0.307304
3749	0.31246
3750	0.283771
3751	0.288245
3752	0.311342
3753	0.356968
3754	0.30074
3755	0.262722
3756	0.232992
3757	0.272795
3758	0.314897
3759	0.337206
3760	0.340591
3761	0.244692
3762	0.281635
3763	0.252834
3764	0.278316
3765	0.32008
3766	0.341062
3767	0.332347
3768	0.339932
3769	0.258262
3770	0.376222
3771	0.305431
3772	0.283817
3773	0.401328
3774	0.228294
3775	0.340551
3776	0.376295
3777	0.351922
3778	0.373417
3779	0.243032
3780	0.303322
3781	0.349457
3782	0.279986
3783	0.254917
3784	0.320409
3785	0.534574
3786	0.299669
3787	0.264252
3788	0.249701
3789	0.405877
3790	0.221565
3791	0.273396
3792	0.293076
3793	0.239939
3794	0.256208
3795	0.298404
3796	0.283188
3797	0.409469
3798	0.279543
3799	0.283468
3800	0.303263
3801	0.289227
3802	0.307375
3803	0.225474
3804	0.310821
3805	0.21249
3806	0.229742
3807	0.350069
3808	0.337469
3809	0.258419
3810	0.351974
3811	0.245809
3812	0.318132
3813	0.29279
3814	0.247746
3815	0.208296
3816	0.230106
3817	0.251796
3818	0.526026
3819	0.337375
3820	0.232189
3821	0.307976
3822	0.308107
3823	0.400519
3824	0.245621
3825	0.292229
3826	0.316497
3827	0.283595
3828	0.321646
3829	0.279547
3830	0.301044
3831	0.302122
3832	0.224722
3833	0.458581
3834	0.24564
3835	0.401084
3836	0.327837
3837	0.266815
3838	0.255859
3839	0.293533
3840	0.298287
3841	0.242996
3842	0.298594
3843	0.361173
3844	0.267924
3845	0.277236
3846	0.284155
3847	0.29471
3848	0.363294
3849	0.324644
3850	0.31262
3851	0.335833
3852	0.26989
3853	0.286073
3854	0.357264
3855	0.232328
3856	0.314253
3857	0.265994
3858	0.296609
3859	0.276836
3860	0.401735
3861	0.322053
3862	0.276732
3863	0.237078
3864	0.314281
3865	0.339532
3866	0.270135
3867	0.23762
3868	0.250608
3869	0.209437
3870	0.345677
3871	0.213012
3872	0.354298
3873	0.278393
3874	0.228936
3875	0.209639
3876	0.358224
3877	0.221277
3878	0.329439
3879	0.314056
3880	0.28299
3881	0.338338
3882	0.335597
3883	0.558417
3884	0.364207
3885	0.321889
3886	0.364879
3887	0.285586
3888	0.279793
3889	0.404732
3890	0.333633
3891	0.293942
3892	0.252901
3893	0.2009
3894	0.277483
3895	0.260888
3896	0.422038
3897	0.276131
3898	0.364594
3899	0.320006
3900	0.356177
3901	0.221993
3902	0.418006
3903	0.191594
3904	0.277098
3905	0.297953
3906	0.283307
3907	0.196286
3908	0.204384
3909	0.282988
3910	0.308923
3911	0.311043
3912	0.269917
3913	0.2955
3914	0.38838
3915	0.229188
3916	0.349797
3917	0.267586
3918	0.264555
3919	0.283932
3920	0.293337
3921	0.410824
3922	0.317078
3923	0.269749
3924	0.344545
3925	0.273572
3926	0.348443
3927	0.289025
3928	0.265216
3929	0.366792
3930	0.241113
3931	0.376418
3932	0.237418
3933	0.319426
3934	0.352598
3935	0.31072
3936	0.437205
3937	0.420875
3938	0.332
3939	0.287322
3940	0.279982
3941	0.23476
3942	0.284781
3943	0.249775
3944	0.226622
3945	0.293398
3946	0.24525
3947	0.360004
3948	0.383612
3949	0.295557
3950	0.31958
3951	0.246072
3952	0.288053
3953	0.476969
3954	0.337415
3955	0.272404
3956	0.343792
3957	0.299709
3958	0.25419
3959	0.329291
3960	0.341316
3961	0.328762
3962	0.213305
3963	0.3312
3964	0.317693
3965	0.269604
3966	0.291453
3967	0.292468
3968	0.229323
3969	0.28928
3970	0.237457
3971	0.202685
3972	0.306752
3973	0.337954
3974	0.289837
3975	0.382052
3976	0.428486
3977	0.282479
3978	0.340051
3979	0.286424
3980	0.249376
3981	0.257896
3982	0.253848
3983	0.282906
3984	0.348285
3985	0.281062
3986	0.31893
3987	0.208921
3988	0.228184
3989	0.3734
3990	0.218429
3991	0.298867
3992	0.313617
3993	0.507076
3994	0.283662
3995	0.296497
3996	0.221766
3997	0.23351
3998	0.2554
3999	0.253555
4000	0.303705
4001	0.253256
4002	0.311115
4003	0.314025
4004	0.393895
4005	0.283743
4006	0.447003
4007	0.267245
4008	0.360496
4009	0.352926
4010	0.267485
4011	0.268856
4012	0.370225
4013	0.33978
4014	0.234976
4015	0.288902
4016	0.286787
4017	0.274252
4018	0.353182
4019	0.252083
4020	0.292891
4021	0.408976
4022	0.348951
4023	0.268402
4024	0.420068
4025	0.306636
4026	0.30768
4027	0.321646
4028	0.246711
4029	0.297791
4030	0.324665
4031	0.311419
4032	0.24417
4033	0.414414
4034	0.294853
4035	0.420692
4036	0.285126
4037	0.315475
4038	0.213029
4039	0.218787
4040	0.296172
4041	0.23749
4042	0.379396
4043	0.324853
4044	0.222881
4045	0.244146
4046	0.377137
4047	0.333229
4048	0.341702
4049	0.423476
4050	0.398357
4051	0.361402
4052	0.468478
4053	0.311732
4054	0.298025
4055	0.307563
4056	0.328116
4057	0.331377
4058	0.204936
4059	0.295889
4060	0.256626
4061	0.184282
4062	0.231874
4063	0.294383
4064	0.337298
4065	0.294791
4066	0.289619
4067	0.282002
4068	0.307851
4069	0.300607
4070	0.348642
4071	0.281524
4072	0.345782
4073	0.289635
4074	0.229944
4075	0.361927
4076	0.359874
4077	0.314549
4078	0.236306
4079	0.190837
4080	0.271328
4081	0.264415
4082	0.355307
4083	0.32081
4084	0.26696
4085	0.425829
4086	0.273485
4087	0.408953
4088	0.37877
4089	0.30117
4090	0.272077
4091	0.356908
4092	0.291429
4093	0.282084
4094	0.215111
4095	0.251449
4096	0.537971
4097	0.473904
4098	0.448695
4099	0.355119
4100	0.314364
4101	0.386813
4102	0.258714
4103	0.343054
4104	0.344256
4105	0.247372
4106	0.311155
4107	0.273388
4108	0.288854
4109	0.278936
4110	0.231384
4111	0.299008
4112	0.325937
4113	0.348268
4114	0.373118
4115	0.346416
4116	0.319939
4117	0.282833
4118	0.271775
4119	0.277129
4120	0.249631
4121	0.293587
4122	0.429838
4123	0.271215
4124	0.317798
4125	0.21807
4126	0.376235
4127	0.413022
4128	0.352312
4129	0.265006
4130	0.365311
4131	0.271585
4132	0.269857
4133	0.37236
4134	0.317438
4135	0.310801
4136	0.328953
4137	0.290969
4138	0.369603
4139	0.242186
4140	0.50086
4141	0.324683
4142	0.425801
4143	0.310119
4144	0.379416
4145	0.267143
4146	0.327298
4147	0.280537
4148	0.387082
4149	0.230802
4150	0.297501
4151	0.261679
4152	0.32089
4153	0.33704
4154	0.344503
4155	0.30105
4156	0.310558
4157	0.21483
4158	0.287956
4159	0.270176
4160	0.271819
4161	0.258276
4162	0.404206
4163	0.291076
4164	0.236027
4165	0.361688
4166	0.339466
4167	0.274503
4168	0.41183
4169	0.229237
4170	0.28247
4171	0.273531
4172	0.378028
4173	0.305516
4174	0.376521
4175	0.264413
4176	0.338749
4177	0.333274
4178	0.277635
4179	0.352398
4180	0.377892
4181	0.256808
4182	0.274441
4183	0.363156
4184	0.315028
4185	0.286727
4186	0.289684
4187	0.262204
4188	0.2197
4189	0.403703
4190	0.37335
4191	0.393505
4192	0.33004
4193	0.249175
4194	0.425892
4195	0.326624
4196	0.367532
4197	0.361492
4198	0.292821
4199	0.243814
4200	0.383557
4201	0.318598
4202	0.279661
4203	0.25506
4204	0.369751
4205	0.250573
4206	0.296204
4207	0.263317
4208	0.244558
4209	0.410101
4210	0.313243
4211	0.340226
4212	0.264089
4213	0.298868
4214	0.334437
4215	0.287519
4216	0.253928
4217	0.305222
4218	0.280886
4219	0.201571
4220	0.286844
4221	0.267418
4222	0.310834
4223	0.282796
4224	0.276657
4225	0.344328
4226	0.450958
4227	0.27857
4228	0.309377
4229	0.216585
4230	0.24341
4231	0.28372
4232	0.280967
4233	0.377297
4234	0.403185
4235	0.309094
4236	0.267667
4237	0.34769
4238	0.286098
4239	0.27482
4240	0.399368
4241	0.290924
4242	0.247102
4243	0.297315
4244	0.316032
4245	0.383794
4246	0.285365
4247	0.471719
4248	0.298095
4249	0.283048
4250	0.410664
4251	0.279468
4252	0.226591
4253	0.301943
4254	0.277195
4255	0.359512
4256	0.307303
4257	0.265058
4258	0.337484
4259	0.353244
4260	0.351334
4261	0.373336
4262	0.263097
4263	0.37069
4264	0.286477
4265	0.237844
4266	0.356971
4267	0.307832
4268	0.32323
4269	0.252086
4270	0.281064
4271	0.496202
4272	0.343966
4273	0.280598
4274	0.322958
4275	0.275245
4276	0.261663
4277	0.238055
4278	0.338004
4279	0.352749
4280	0.248069
4281	0.288604
4282	0.285135
4283	0.423358
4284	0.299167
4285	0.408919
4286	0.313591
4287	0.406187
4288	0.318038
4289	0.24642
4290	0.347036
4291	0.350469
4292	0.337598
4293	0.197971
4294	0.265943
4295	0.335405
4296	0.397483
4297	0.373762
4298	0.300808
4299	0.390178
4300	0.406494
4301	0.301446
4302	0.252052
4303	0.271605
4304	0.383039
4305	0.270406
4306	0.245923
4307	0.200646
4308	0.305259
4309	0.326792
4310	0.397788
4311	0.294992
4312	0.320667
4313	0.258751
4314	0.296417
4315	0.272132
4316	0.309922
4317	0.367866
4318	0.247952
4319	0.31929
4320	0.404054
4321	0.35853
4322	0.247956
4323	0.382123
4324	0.393374
4325	0.250988
4326	0.314703
4327	0.395127
4328	0.32218
4329	0.301735
4330	0.226414
4331	0.337144
4332	0.309993
4333	0.35265
4334	0.239052
4335	0.37443
4336	0.359523
4337	0.387455
4338	0.316204
4339	0.282566
4340	0.227603
4341	0.237093
4342	0.368459
4343	0.37343
4344	0.387964
4345	0.369871
4346	0.334394
4347	0.329266
4348	0.280007
4349	0.22728
4350	0.277124
4351	0.36317
4352	0.34304
4353	0.456563
4354	0.340734
4355	0.349656
4356	0.470753
4357	0.309726
4358	0.364143
4359	0.305961
4360	0.256295
4361	0.216925
4362	0.379925
4363	0.301143
4364	0.312421
4365	0.266901
4366	0.250096
4367	0.288975
4368	0.262946
4369	0.26087
4370	0.327499
4371	0.316562
4372	0.281774
4373	0.332678
4374	0.241752
4375	0.28385
4376	0.337994
4377	0.263463
4378	0.318996
4379	0.396727
4380	0.342015
4381	0.318978
4382	0.312286
4383	0.330186
4384	0.369001
4385	0.217729
4386	0.373959
4387	0.398083
4388	0.320491
4389	0.292138
4390	0.266912
4391	0.429243
4392	0.219634
4393	0.3124
4394	0.270286
4395	0.410553
4396	0.256208
4397	0.284379
4398	0.383052
4399	0.3124
4400	0.273149
4401	0.367613
4402	0.338321
4403	0.19901
4404	0.357796
4405	0.236512
4406	0.409224
4407	0.261398
4408	0.397305
4409	0.305568
4410	0.47761
4411	0.402818
4412	0.361244
4413	0.362304
4414	0.309715
4415	0.287897
4416	0.301053
4417	0.468521
4418	0.288213
4419	0.256222
4420	0.281394
4421	0.262491
4422	0.30693
4423	0.222536
4424	0.311261
4425	0.250521
4426	0.300036
4427	0.411794
4428	0.327385
4429	0.22867
4430	0.392407
4431	0.335562
4432	0.315997
4433	0.426344
4434	0.326429
4435	0.280577
4436	0.24588
4437	0.369573
4438	0.295818
4439	0.254894
4440	0.318826
4441	0.258457
4442	0.345639
4443	0.353593
4444	0.215773
4445	0.289787
4446	0.285351
4447	0.248479
4448	0.311861
4449	0.223908
4450	0.219193
4451	0.410932
4452	0.247728
4453	0.427847
4454	0.214847
4455	0.302999
4456	0.321204
4457	0.269806
4458	0.274991
4459	0.360956
4460	0.389017
4461	0.365814
4462	0.254386
4463	0.346583
4464	0.577747
4465	0.246126
4466	0.208203
4467	0.271547
4468	0.229193
4469	0.415227
4470	0.285189
4471	0.348969
4472	0.430399
4473	0.255002
4474	0.287022
4475	0.278513
4476	0.247011
4477	0.324768
4478	0.260883
4479	0.258433
4480	0.292109
4481	0.318912
4482	0.259994
4483	0.384759
4484	0.329859
4485	0.243774
4486	0.258706
4487	0.249521
4488	0.261279
4489	0.31594
4490	0.325852
4491	0.375736
4492	0.331951
4493	0.324257
4494	0.307098
4495	0.197672
4496	0.483179
4497	0.331936
4498	0.356989
4499	0.349336
4500	0.392978
4501	0.332486
4502	0.345037
4503	0.329773
4504	0.336797
4505	0.338887
4506	0.297663
4507	0.405026
4508	0.372031
4509	0.309709
4510	0.323121
4511	0.242076
4512	0.311384
4513	0.218496
4514	0.346233
4515	0.422218
4516	0.221919
4517	0.294117
4518	0.237281
4519	0.269394
4520	0.236777
4521	0.37642
4522	0.25699
4523	0.262391
4524	0.340396
4525	0.34354
4526	0.243749
4527	0.440034
4528	0.332577
4529	0.276079
4530	0.322313
4531	0.308555
4532	0.44257
4533	0.233892
4534	0.325943
4535	0.268975
4536	0.344518
4537	0.270843
4538	0.328052
4539	0.276276
4540	0.321516
4541	0.34689
4542	0.272287
4543	0.330572
4544	0.265472
4545	0.284528
4546	0.217131
4547	0.352635
4548	0.333719
4549	0.367372
4550	0.292729
4551	0.263786
4552	0.23732
4553	0.2776
4554	0.303735
4555	0.340689
4556	0.291027
4557	0.276166
4558	0.23827
4559	0.317459
4560	0.220314
4561	0.339674
4562	0.398036
4563	0.381327
4564	0.294443
4565	0.242991
4566	0.241564
4567	0.333672
4568	0.283751
4569	0.452955
4570	0.513463
4571	0.252267
4572	0.349665
4573	0.25818
4574	0.296133
4575	0.317479
4576	0.253391
4577	0.368026
4578	0.449464
4579	0.390415
4580	0.276086
4581	0.492468
4582	0.293421
4583	0.407959
4584	0.231091
4585	0.264193
4586	0.398836
4587	0.364316
4588	0.309318
4589	0.282727
4590	0.307694
4591	0.305321
4592	0.295738
4593	0.232355
4594	0.41063
4595	0.36162
4596	0.364039
4597	0.419319
4598	0.421266
4599	0.294707
4600	0.333541
4601	0.314861
4602	0.269401
4603	0.261622
4604	0.264299
4605	0.277383
4606	0.350727
4607	0.286409
4608	0.308994
4609	0.235303
4610	0.357184
4611	0.302098
4612	0.406336
4613	0.508473
4614	0.32761
4615	0.284326
4616	0.332205
4617	0.250108
4618	0.325176
4619	0.221373
4620	0.382624
4621	0.295384
4622	0.310728
4623	0.365956
4624	0.298174
4625	0.356571
4626	0.378449
4627	0.284275
4628	0.293963
4629	0.409448
4630	0.335142
4631	0.294732
4632	0.239191
4633	0.351961
4634	0.410386
4635	0.312888
4636	0.329062
4637	0.351402
4638	0.274142
4639	0.325016
4640	0.261202
4641	0.244746
4642	0.353011
4643	0.270439
4644	0.225249
4645	0.518889
4646	0.540109
4647	0.288228
4648	0.328876
4649	0.248998
4650	0.276653
4651	0.470091
4652	0.30464
4653	0.255943
4654	0.333067
4655	0.370629
4656	0.233933
4657	0.303304
4658	0.337525
4659	0.260165
4660	0.377768
4661	0.300343
4662	0.267942
4663	0.289934
4664	0.357509
4665	0.284241
4666	0.314619
4667	0.264255
4668	0.290359
4669	0.215777
4670	0.313926
4671	0.43545
4672	0.22048
4673	0.319523
4674	0.3653
4675	0.308695
4676	0.410581
4677	0.243292
4678	0.376403
4679	0.327387
4680	0.219099
4681	0.30808
4682	0.289068
4683	0.368898
4684	0.253965
4685	0.415205
4686	0.342997
4687	0.311517
4688	0.257095
4689	0.259023
4690	0.280973
4691	0.239533
4692	0.343531
4693	0.307024
4694	0.426268
4695	0.345457
4696	0.267332
4697	0.39411
4698	0.334968
4699	0.340485
4700	0.277582
4701	0.468759
4702	0.2449
4703	0.293009
4704	0.403922
4705	0.262986
4706	0.357697
4707	0.265402
4708	0.222598
4709	0.392494
4710	0.373396
4711	0.329643
4712	0.265719
4713	0.258701
4714	0.229354
4715	0.337178
4716	0.406942
4717	0.38943
4718	0.290347
4719	0.31559
4720	0.28558
4721	0.34351
4722	0.283536
4723	0.269812
4724	0.398666
4725	0.306935
4726	0.42277
4727	0.446424
4728	0.286875
4729	0.268402
4730	0.420175
4731	0.311727
4732	0.394549
4733	0.317477
4734	0.305154
4735	0.324888
4736	0.326841
4737	0.400277
4738	0.416067
4739	0.303556
4740	0.384758
4741	0.328875
4742	0.345633
4743	0.309047
4744	0.331628
4745	0.477223
4746	0.427524
4747	0.313337
4748	0.287723
4749	0.341056
4750	0.344402
4751	0.402156
4752	0.508452
4753	0.33192
4754	0.257889
4755	0.312267
4756	0.360329
4757	0.252347
4758	0.365602
4759	0.290528
4760	0.252024
4761	0.276391
4762	0.303038
4763	0.256526
4764	0.333033
4765	0.322974
4766	0.442829
4767	0.327136
4768	0.214387
4769	0.271297
4770	0.325252
4771	0.392909
4772	0.337268
4773	0.255096
4774	0.26908
4775	0.3521
4776	0.373291
4777	0.348928
4778	0.431263
4779	0.298736
4780	0.290762
4781	0.286885
4782	0.291874
4783	0.371424
4784	0.26845
4785	0.258233
4786	0.331569
4787	0.244144
4788	0.312107
4789	0.287773
4790	0.355605
4791	0.340033
4792	0.339825
4793	0.3189
4794	0.365406
4795	0.269103
4796	0.276916
4797	0.301102
4798	0.292304
4799	0.285166
4800	0.336103
4801	0.298819
4802	0.32281
4803	0.418715
4804	0.435004
4805	0.534733
4806	0.42362
4807	0.31382
4808	0.366781
4809	0.291656
4810	0.276018
4811	0.441527
4812	0.263815
4813	0.35369
4814	0.312659
4815	0.253394
4816	0.377981
4817	0.277417
4818	0.341015
4819	0.426532
4820	0.262476
4821	0.324308
4822	0.320774
4823	0.246255
4824	0.374909
4825	0.293129
4826	0.260274
4827	0.274623
4828	0.245919
4829	0.403187
4830	0.362963
4831	0.248078
4832	0.247856
4833	0.355103
4834	0.27958
4835	0.279951
4836	0.378776
4837	0.294999
4838	0.317155
4839	0.370529
4840	0.262247
4841	0.321525
4842	0.265603
4843	0.309395
4844	0.234165
4845	0.306854
4846	0.314775
4847	0.304451
4848	0.339729
4849	0.281983
4850	0.363127
4851	0.235346
4852	0.251128
4853	0.305887
4854	0.24259
4855	0.44898
4856	0.337681
4857	0.325116
4858	0.289388
4859	0.267811
4860	0.324392
4861	0.251316
4862	0.309363
4863	0.232345
4864	0.187331
4865	0.235997
4866	0.33196
4867	0.302019
4868	0.313331
4869	0.34844
4870	0.282186
4871	0.232046
4872	0.441
4873	0.360619
4874	0.191929
4875	0.264678
4876	0.241578
4877	0.277522
4878	0.230912
4879	0.207046
4880	0.379234
4881	0.44243
4882	0.3383
4883	0.360294
4884	0.308041
4885	0.290723
4886	0.327347
4887	0.334834
4888	0.308675
4889	0.280445
4890	0.334717
4891	0.317483
4892	0.460717
4893	0.3676
4894	0.297361
4895	0.246998
4896	0.332072
4897	0.36188
4898	0.293947
4899	0.274686
4900	0.316602
4901	0.414852
4902	0.33833
4903	0.288952
4904	0.318797
4905	0.275787
4906	0.352094
4907	0.300846
4908	0.294352
4909	0.275956
4910	0.246369
4911	0.48451
4912	0.305406
4913	0.308577
4914	0.296154
4915	0.33851
4916	0.230715
4917	0.214334
4918	0.399329
4919	0.356079
4920	0.265889
4921	0.420427
4922	0.216923
4923	0.27949
4924	0.374403
4925	0.223826
4926	0.244327
4927	0.292921
4928	0.384204
4929	0.27654
4930	0.290421
4931	0.257067
4932	0.241326
4933	0.303882
4934	0.421704
4935	0.415921
4936	0.2207
4937	0.330364
4938	0.308317
4939	0.312646
4940	0.306487
4941	0.239309
4942	0.370385
4943	0.282325
4944	0.215924
4945	0.256023
4946	0.270207
4947	0.192733
4948	0.339889
4949	0.361435
4950	0.408183
4951	0.24219
4952	0.184989
4953	0.333355
4954	0.237828
4955	0.384248
4956	0.291346
4957	0.267675
4958	0.238845
4959	0.31942
4960	0.279687
4961	0.298231
4962	0.300521
4963	0.279346
4964	0.29272
4965	0.379282
4966	0.350491
4967	0.329388
4968	0.52471
4969	0.31929
4970	0.272765
4971	0.289493
4972	0.334399
4973	0.241264
4974	0.314866
4975	0.351383
4976	0.438616
4977	0.276544
4978	0.350746
4979	0.312331
4980	0.346094
4981	0.431603
4982	0.316732
4983	0.407726
4984	0.340221
4985	0.335421
4986	0.256893
4987	0.258797
4988	0.386276
4989	0.340744
4990	0.346292
4991	0.331901
4992	0.248066
4993	0.3695
4994	0.296858
4995	0.438419
4996	0.280615
4997	0.268408
4998	0.313593
4999	0.387713
5000	0.349621
5001	0.332105
5002	0.224493
5003	0.242857
5004	0.257341
5005	0.249321
5006	0.324028
5007	0.292553
5008	0.240439
5009	0.283201
5010	0.386847
5011	0.264047
5012	0.287404
5013	0.300382
5014	0.32619
5015	0.353805
5016	0.392539
5017	0.361629
5018	0.315827
5019	0.369644
5020	0.367779
5021	0.244558
5022	0.261649
5023	0.421826
5024	0.323595
5025	0.288553
5026	0.275085
5027	0.44126
5028	0.395894
5029	0.226347
5030	0.384031
5031	0.362631
5032	0.306667
5033	0.333993
5034	0.321608
5035	0.328675
5036	0.362421
5037	0.312255
5038	0.327182
5039	0.292362
5040	0.235851
5041	0.277817
5042	0.273068
5043	0.318646
5044	0.283095
5045	0.251911
5046	0.356835
5047	0.632676
5048	0.271378
5049	0.282982
5050	0.43181
5051	0.296731
5052	0.281967
5053	0.340136
5054	0.355409
5055	0.360819
5056	0.373459
5057	0.395342
5058	0.333303
5059	0.277424
5060	0.349315
5061	0.331567
5062	0.231995
5063	0.319924
5064	0.373529
5065	0.360339
5066	0.336004
5067	0.357335
5068	0.28596
5069	0.469348
5070	0.320373
5071	0.303799
5072	0.309677
5073	0.305619
5074	0.24645
5075	0.379112
5076	0.361419
5077	0.340427
5078	0.467033
5079	0.298629
5080	0.349025
5081	0.376939
5082	0.402155
5083	0.303608
5084	0.327067
5085	0.306919
5086	0.328966
5087	0.334649
5088	0.306441
5089	0.265562
5090	0.258439
5091	0.328261
5092	0.434842
5093	0.27338
5094	0.352123
5095	0.472389
5096	0.198756
5097	0.237548
5098	0.191314
5099	0.425045
5100	0.290022
5101	0.365578
5102	0.21738
5103	0.296833
5104	0.312513
5105	0.22417
5106	0.235833
5107	0.255473
5108	0.298653
5109	0.310398
5110	0.299416
5111	0.274589
5112	0.307498
5113	0.363373
5114	0.296484
5115	0.260065
5116	0.320759
5117	0.24306
5118	0.320155
5119	0.242921
5120	0.287289
5121	0.221346
5122	0.246163
5123	0.341375
5124	0.291542
5125	0.451194
5126	0.309987
5127	0.376131
5128	0.376622
5129	0.342968
5130	0.283288
5131	0.334114
5132	0.397068
5133	0.464065
5134	0.336584
5135	0.478812
5136	0.436602
5137	0.312583
5138	0.464659
5139	0.353828
5140	0.291301
5141	0.327391
5142	0.414312
5143	0.380302
5144	0.307133
5145	0.361978
5146	0.387206
5147	0.346116
5148	0.284944
5149	0.28959
5150	0.367372
5151	0.42422
5152	0.264986
5153	0.471557
5154	0.231476
5155	0.43824
5156	0.472361
5157	0.289076
5158	0.404189
5159	0.319807
5160	0.202395
5161	0.300688
5162	0.378019
5163	0.321811
5164	0.286862
5165	0.225828
5166	0.303126
5167	0.339548
5168	0.24486
5169	0.332632
5170	0.265424
5171	0.258912
5172	0.33143
5173	0.248797
5174	0.216789
5175	0.338239
5176	0.230763
5177	0.305529
5178	0.631371
5179	0.228928
5180	0.332341
5181	0.254111
5182	0.300931
5183	0.382382
5184	0.423015
5185	0.359114
5186	0.345643
5187	0.25988
5188	0.336365
5189	0.229267
5190	0.381334
5191	0.302904
5192	0.221011
5193	0.297559
5194	0.370578
5195	0.307456
5196	0.272563
5197	0.208917
5198	0.333189
5199	0.272017
5200	0.316826
5201	0.313578
5202	0.303972
5203	0.315027
5204	0.372562
5205	0.316251
5206	0.405411
5207	0.470531
5208	0.371356
5209	0.428095
5210	0.278359
5211	0.260977
5212	0.377148
5213	0.50055
5214	0.421501
5215	0.451979
5216	0.280904
5217	0.297965
5218	0.228529
5219	0.347852
5220	0.32901
5221	0.290957
5222	0.432076
5223	0.531674
5224	0.450285
5225	0.370599
5226	0.425189
5227	0.423316
5228	0.369172
5229	0.253072
5230	0.404176
5231	0.249678
5232	0.232767
5233	0.313257
5234	0.204672
5235	0.251958
5236	0.366976
5237	0.363036
5238	0.269644
5239	0.312837
5240	0.348649
5241	0.269693
5242	0.310389
5243	0.381669
5244	0.370432
5245	0.370505
5246	0.34647
5247	0.311303
5248	0.384433
5249	0.26819
5250	0.296998
5251	0.293247
5252	0.322961
5253	0.251819
5254	0.285026
5255	0.402658
5256	0.349259
5257	0.236624
5258	0.509727
5259	0.225465
5260	0.334475
5261	0.30378
5262	0.228252
5263	0.245321
5264	0.316816
5265	0.3343
5266	0.2872
5267	0.345627
5268	0.26891
5269	0.242939
5270	0.385246
5271	0.343545
5272	0.398244
5273	0.425525
5274	0.342405
5275	0.287752
5276	0.272502
5277	0.333982
5278	0.309328
5279	0.311308
5280	0.249493
5281	0.354859
5282	0.295359
5283	0.285346
5284	0.333753
5285	0.250107
5286	0.400262
5287	0.535735
5288	0.243077
5289	0.26624
5290	0.369779
5291	0.388617
5292	0.391793
5293	0.467688
5294	0.291227
5295	0.373982
5296	0.452562
5297	0.403651
5298	0.44167
5299	0.381524
5300	0.378535
5301	0.505017
5302	0.39971
5303	0.389016
5304	0.436047
5305	0.468186
5306	0.396014
5307	0.38089
5308	0.426009
5309	0.483731
5310	0.377447
5311	0.429014
5312	0.300832
5313	0.3326
5314	0.335782
5315	0.275809
5316	0.335003
5317	0.237261
5318	0.289136
5319	0.325248
5320	0.313425
5321	0.259647
5322	0.30832
5323	0.260856
5324	0.292304
5325	0.273932
5326	0.231653
5327	0.354587
5328	0.373945
5329	0.333506
5330	0.41309
5331	0.307686
5332	0.241795
5333	0.325683
5334	0.229589
5335	0.275438
5336	0.259404
5337	0.278431
5338	0.52155
5339	0.400721
5340	0.263244
5341	0.24541
5342	0.325055
5343	0.290054
5344	0.284997
5345	0.328391
5346	0.311258
5347	0.279952
5348	0.304297
5349	0.332309
5350	0.296416
5351	0.409945
5352	0.283828
5353	0.267086
5354	0.277305
5355	0.375018
5356	0.313911
5357	0.238702
5358	0.276153
5359	0.319174
5360	0.289684
5361	0.395464
5362	0.386648
5363	0.289221
5364	0.321953
5365	0.329141
5366	0.48678
5367	0.317632
5368	0.470595
5369	0.290989
5370	0.439885
5371	0.486236
5372	0.367409
5373	0.307647
5374	0.368843
5375	0.319736
5376	0.380741
5377	0.308158
5378	0.460902
5379	0.455046
5380	0.365135
5381	0.430948
5382	0.392301
5383	0.388593
5384	0.394506
5385	0.521436
5386	0.406177
5387	0.432433
5388	0.404351
5389	0.418143
5390	0.297827
5391	0.509353
5392	0.486538
5393	0.362973
5394	0.313692
5395	0.428847
5396	0.299633
5397	0.222969
5398	0.312058
5399	0.330353
5400	0.32919
5401	0.230672
5402	0.236576
5403	0.289441
5404	0.362908
5405	0.423015
5406	0.269393
5407	0.188419
5408	0.375004
5409	0.261151
5410	0.285447
5411	0.305559
5412	0.268739
5413	0.42453
5414	0.263313
5415	0.278097
5416	0.316085
5417	0.3257
5418	0.323433
5419	0.311506
5420	0.338385
5421	0.323026
5422	0.27951
5423	0.395678
5424	0.412951
5425	0.37835
5426	0.259916
5427	0.293719
5428	0.29306
5429	0.315166
5430	0.340817
5431	0.243902
5432	0.306471
5433	0.269021
5434	0.376101
5435	0.315787
5436	0.241786
5437	0.230619
5438	0.339834
5439	0.310312
5440	0.357706
5441	0.354469
5442	0.39493
5443	0.35638
5444	0.319461
5445	0.30568
5446	0.426069
5447	0.30722
5448	0.274056
5449	0.334297
5450	0.328505
5451	0.391056
5452	0.249961
5453	0.311339
5454	0.394198
5455	0.454051
5456	0.391033
5457	0.40413
5458	0.4669
5459	0.319183
5460	0.46477
5461	0.410972
5462	0.482166
5463	0.350894
5464	0.495682
5465	0.505718
5466	0.372942
5467	0.301801
5468	0.35751
5469	0.434539
5470	0.352261
5471	0.296539
5472	0.408118
5473	0.546751
5474	0.303125
5475	0.290446
5476	0.369658
5477	0.328016
5478	0.511203
5479	0.483264
5480	0.367236
5481	0.326911
5482	0.232925
5483	0.342168
5484	0.241318
5485	0.310461
5486	0.280403
5487	0.273814
5488	0.212915
5489	0.280371
5490	0.300534
5491	0.326709
5492	0.284815
5493	0.448417
5494	0.394472
5495	0.320933
5496	0.407194
5497	0.181804
5498	0.236436
5499	0.278645
5500	0.357658
5501	0.266129
5502	0.246044
5503	0.212214
5504	0.356918
5505	0.275419
5506	0.333296
5507	0.272602
5508	0.265285
5509	0.471025
5510	0.342081
5511	0.311916
5512	0.324074
5513	0.267392
5514	0.293128
5515	0.365763
5516	0.295139
5517	0.231425
5518	0.315701
5519	0.304005
5520	0.294231
5521	0.349434
5522	0.298484
5523	0.38823
5524	0.337621
5525	0.286361
5526	0.332108
5527	0.386986
5528	0.334188
5529	0.301736
5530	0.42415
5531	0.257992
5532	0.405325
5533	0.525222
5534	0.362055
5535	0.457167
5536	0.466276
5537	0.426552
5538	0.37375
5539	0.385244
5540	0.489001
5541	0.382545
5542	0.414671
5543	0.464286
5544	0.562728
5545	0.481864
5546	0.455899
5547	0.455081
5548	0.55031
5549	0.360041
5550	0.417472
5551	0.446413
5552	0.329457
5553	0.352621
5554	0.306544
5555	0.408378
5556	0.40052
5557	0.462637
5558	0.334815
5559	0.35425
5560	0.296776
5561	0.383554
5562	0.319841
5563	0.402056
5564	0.221352
5565	0.312371
5566	0.346584
5567	0.226883
5568	0.376498
5569	0.292518
5570	0.325417
5571	0.351391
5572	0.219748
5573	0.236918
5574	0.253175
5575	0.245846
5576	0.239534
5577	0.248348
5578	0.298729
5579	0.250887
5580	0.283868
5581	0.357343
5582	0.331541
5583	0.290529
5584	0.292501
5585	0.272957
5586	0.311342
5587	0.288345
5588	0.351391
5589	0.288957
5590	0.261387
5591	0.344287
5592	0.225848
5593	0.395979
5594	0.44836
5595	0.346228
5596	0.326536
5597	0.325239
5598	0.255307
5599	0.332181
5600	0.314863
5601	0.368672
5602	0.309524
5603	0.305635
5604	0.21641
5605	0.26152
5606	0.377477
5607	0.347417
5608	0.317663
5609	0.363036
5610	0.420975
5611	0.513084
5612	0.28956
5613	0.471928
5614	0.440839
5615	0.534727
5616	0.507824
5617	0.385057
5618	0.504942
5619	0.432526
5620	0.584095
5621	0.456608
5622	0.318436
5623	0.406681
5624	0.421524
5625	0.396977
5626	0.459933
5627	0.444234
5628	0.48655
5629	0.374087
5630	0.365847
5631	0.345785
5632	0.295414
5633	0.390979
5634	0.387178
5635	0.287771
5636	0.332309
5637	0.398618
5638	0.284529
5639	0.263421
5640	0.303713
5641	0.317335
5642	0.267143
5643	0.290121
5644	0.267744
5645	0.296751
5646	0.247538
5647	0.396254
5648	0.280977
5649	0.26939
5650	0.264863
5651	0.239274
5652	0.281852
5653	0.364585
5654	0.3011
5655	0.313318
5656	0.192645
5657	0.236928
5658	0.449024
5659	0.370721
5660	0.225382
5661	0.271505
5662	0.27419
5663	0.32177
5664	0.286378
5665	0.258662
5666	0.349798
5667	0.266503
5668	0.306677
5669	0.260668
5670	0.38206
5671	0.349588
5672	0.300178
5673	0.237629
5674	0.248043
5675	0.281624
5676	0.31511
5677	0.379792
5678	0.335693
5679	0.353464
5680	0.287542
5681	0.372446
5682	0.3647
5683	0.318847
5684	0.308014
5685	0.362313
5686	0.366574
5687	0.545822
5688	0.335241
5689	0.342924
5690	0.278748
5691	0.307121
5692	0.344553
5693	0.497972
5694	0.441293
5695	0.419164
5696	0.54782
5697	0.717884
5698	0.726728
5699	0.497366
5700	0.484155
5701	0.515883
5702	0.636643
5703	0.432733
5704	0.650467
5705	0.404173
5706	0.392245
5707	0.541494
5708	0.516258
5709	0.452822
5710	0.417288
5711	0.447411
5712	0.522491
5713	0.399877
5714	0.325147
5715	0.378418
5716	0.325543
5717	0.392124
5718	0.313757
5719	0.296155
5720	0.276892
5721	0.318854
5722	0.445233
5723	0.320096
5724	0.251352
5725	0.272353
5726	0.250866
5727	0.266007
5728	0.319147
5729	0.303772
5730	0.347136
5731	0.323004
5732	0.326237
5733	0.348513
5734	0.340139
5735	0.275051
5736	0.348104
5737	0.258695
5738	0.296463
5739	0.299818
5740	0.27196
5741	0.281649
5742	0.29214
5743	0.274735
5744	0.221627
5745	0.329114
5746	0.23887
5747	0.241117
5748	0.258865
5749	0.252672
5750	0.401843
5751	0.272223
5752	0.299129
5753	0.350681
5754	0.220801
5755	0.24045
5756	0.264734
5757	0.28008
5758	0.273273
5759	0.373315
5760	0.390984
5761	0.297556
5762	0.287003
5763	0.269166
5764	0.422929
5765	0.286439
5766	0.427961
5767	0.348119
5768	0.396186
5769	0.515365
5770	0.285836
5771	0.390964
5772	0.525611
5773	0.497021
5774	0.628281
5775	0.420953
5776	0.48688
5777	0.529165
5778	0.740657
5779	0.674056
5780	0.510613
5781	0.729731
5782	0.557086
5783	0.584213
5784	0.600666
5785	0.515544
5786	0.457106
5787	0.46492
5788	0.448442
5789	0.393897
5790	0.387506
5791	0.439644
5792	0.439491
5793	0.313985
5794	0.407382
5795	0.450295
5796	0.274765
5797	0.385369
5798	0.241004
5799	0.277324
5800	0.28128
5801	0.237944
5802	0.243252
5803	0.24991
5804	0.355637
5805	0.261338
5806	0.227639
5807	0.360236
5808	0.355258
5809	0.31521
5810	0.259135
5811	0.31464
5812	0.249272
5813	0.249927
5814	0.319834
5815	0.313744
5816	0.396174
5817	0.236492
5818	0.38324
5819	0.307844
5820	0.335018
5821	0.274811
5822	0.284516
5823	0.25007
5824	0.370448
5825	0.257901
5826	0.263147
5827	0.212202
5828	0.376438
5829	0.338166
5830	0.242044
5831	0.500892
5832	0.336435
5833	0.228477
5834	0.302969
5835	0.262424
5836	0.230249
5837	0.336282
5838	0.269038
5839	0.269797
5840	0.275884
5841	0.37874
5842	0.359203
5843	0.348277
5844	0.346159
5845	0.352937
5846	0.257524
5847	0.351095
5848	0.445005
5849	0.423332
5850	0.316072
5851	0.424778
5852	0.404007
5853	0.465798
5854	0.555886
5855	0.584809
5856	0.755617
5857	0.52667
5858	0.566305
5859	0.662169
5860	0.577736
5861	0.651577
5862	0.680068
5863	0.706895
5864	0.64305
5865	0.609167
5866	0.444082
5867	0.424373
5868	0.534744
5869	0.404429
5870	0.494574
5871	0.467927
5872	0.466044
5873	0.459864
5874	0.328964
5875	0.258377
5876	0.360735
5877	0.35282
5878	0.223629
5879	0.39901
5880	0.358159
5881	0.308846
5882	0.368471
5883	0.341278
5884	0.268491
5885	0.295192
5886	0.398212
5887	0.261293
5888	0.269517
5889	0.336334
5890	0.432914
5891	0.301365
5892	0.211864
5893	0.284777
5894	0.390293
5895	0.5997
5896	0.259702
5897	0.255866
5898	0.309154
5899	0.284926
5900	0.299271
5901	0.332104
5902	0.263255
5903	0.340946
5904	0.323151
5905	0.274072
5906	0.272405
5907	0.34662
5908	0.225473
5909	0.316196
5910	0.387995
5911	0.342089
5912	0.330967
5913	0.351793
5914	0.518675
5915	0.260469
5916	0.279286
5917	0.314563
5918	0.273765
5919	0.247373
5920	0.294579
5921	0.328992
5922	0.349041
5923	0.321534
5924	0.245184
5925	0.349407
5926	0.294893
5927	0.390928
5928	0.374035
5929	0.26454
5930	0.424746
5931	0.348445
5932	0.298313
5933	0.58512
5934	0.559602
5935	0.557859
5936	0.575765
5937	0.669412
5938	0.688221
5939	0.909262
5940	0.599807
5941	0.908616
5942	0.799262
5943	0.784936
5944	0.799967
5945	0.533895
5946	0.6719
5947	0.439388
5948	0.481895
5949	0.417986
5950	0.404129
5951	0.386762
5952	0.591043
5953	0.389685
5954	0.31473
5955	0.406222
5956	0.479366
5957	0.248571
5958	0.253624
5959	0.333429
5960	0.305596
5961	0.333045
5962	0.286228
5963	0.299857
5964	0.418706
5965	0.286967
5966	0.318519
5967	0.382862
5968	0.214109
5969	0.218029
5970	0.311859
5971	0.379274
5972	0.258822
5973	0.377817
5974	0.274898
5975	0.262325
5976	0.236774
5977	0.264136
5978	0.258606
5979	0.246489
5980	0.233596
5981	0.314002
5982	0.315005
5983	0.388089
5984	0.263232
5985	0.273669
5986	0.266934
5987	0.24094
5988	0.265032
5989	0.245975
5990	0.332557
5991	0.265178
5992	0.351331
5993	0.217215
5994	0.3192
5995	0.354494
5996	0.418901
5997	0.363386
5998	0.249981
5999	0.250884
6000	0.405931
6001	0.405941
6002	0.470141
6003	0.372622
6004	0.278101
6005	0.35436
6006	0.288278
6007	0.286625
6008	0.420379
6009	0.431151
6010	0.358708
6011	0.393208
6012	0.415825
6013	0.44767
6014	0.382078
6015	0.460057
6016	0.440733
6017	0.685001
6018	0.520707
6019	0.642302
6020	0.490179
6021	0.523266
6022	0.8304
6023	0.841546
6024	0.778096
6025	0.883424
6026	0.702075
6027	0.481874
6028	0.428
6029	0.437901
6030	0.621653
6031	0.478664
6032	0.399551
6033	0.489502
6034	0.359074
6035	0.419471
6036	0.322111
6037	0.412851
6038	0.371782
6039	0.33209
6040	0.264943
6041	0.402831
6042	0.269262
6043	0.264846
6044	0.280642
6045	0.421354
6046	0.320567
6047	0.414728
6048	0.270949
6049	0.330799
6050	0.283286
6051	0.284442
6052	0.332863
6053	0.33577
6054	0.273857
6055	0.371387
6056	0.279881
6057	0.260193
6058	0.245272
6059	0.30452
6060	0.203315
6061	0.340382
6062	0.306581
6063	0.364161
6064	0.285202
6065	0.313613
6066	0.239341
6067	0.309923
6068	0.272082
6069	0.264097
6070	0.278666
6071	0.331435
6072	0.324053
6073	0.233828
6074	0.311649
6075	0.334463
6076	0.243736
6077	0.247482
6078	0.28334
6079	0.227913
6080	0.313293
6081	0.393625
6082	0.386577
6083	0.254456
6084	0.274682
6085	0.449093
6086	0.278396
6087	0.386993
6088	0.360617
6089	0.466723
6090	0.402809
6091	0.457621
6092	0.469937
6093	0.415884
6094	0.422382
6095	0.387232
6096	0.472763
6097	0.433869
6098	0.633522
6099	0.523304
6100	0.790512
6101	0.675833
6102	0.795329
6103	1
6104	0.897653
6105	0.661754
6106	0.690811
6107	0.479679
6108	0.376376
6109	0.425796
6110	0.448934
6111	0.32447
6112	0.308366
6113	0.282777
6114	0.411482
6115	0.361678
6116	0.310972
6117	0.379638
6118	0.285072
6119	0.332274
6120	0.281552
6121	0.282234
6122	0.391959
6123	0.310508
6124	0.364665
6125	0.406891
6126	0.25739
6127	0.347561
6128	0.420721
6129	0.306686
6130	0.317223
6131	0.28613
6132	0.261152
6133	0.231083
6134	0.266256
6135	0.265099
6136	0.305895
6137	0.292877
6138	0.300085
6139	0.363553
6140	0.280289
6141	0.371089
6142	0.290291
6143	0.254715
6144	0.273514
6145	0.27462
6146	0.295587
6147	0.263323
6148	0.282041
6149	0.336127
6150	0.346363
6151	0.287377
6152	0.275751
6153	0.284801
6154	0.346338
6155	0.335231
6156	0.225918
6157	0.324875
6158	0.254698
6159	0.36664
6160	0.321667
6161	0.385257
6162	0.294544
6163	0.391743
6164	0.299714
6165	0.272995
6166	0.28338
6167	0.314964
6168	0.401778
6169	0.294136
6170	0.314408
6171	0.331472
6172	0.331754
6173	0.386797
6174	0.518781
6175	0.541525
6176	0.434575
6177	0.583244
6178	0.554706
6179	0.50306
6180	0.583173
6181	0.636816
6182	0.723759
6183	0.869646
6184	0.909043
6185	0.704258
6186	0.678514
6187	0.57358
6188	0.408482
6189	0.337055
6190	0.410499
6191	0.471637
6192	0.401508
6193	0.285846
6194	0.30462
6195	0.313227
6196	0.315664
6197	0.307163
6198	0.282413
6199	0.291484
6200	0.424704
6201	0.270905
6202	0.354779
6203	0.258288
6204	0.334896
6205	0.256175
6206	0.330814
6207	0.254392
6208	0.398639
6209	0.36463
6210	0.326268
6211	0.287382
6212	0.261029
6213	0.379662
6214	0.393071
6215	0.373225
6216	0.30653
6217	0.240169
6218	0.300234
6219	0.301811
6220	0.275748
6221	0.406253
6222	0.222901
6223	0.344571
6224	0.360361
6225	0.31275
6226	0.355855
6227	0.419942
6228	0.240358
6229	0.269987
6230	0.335016
6231	0.254477
6232	0.338972
6233	0.260452
6234	0.290935
6235	0.254372
6236	0.328161
6237	0.444399
6238	0.375779
6239	0.231236
6240	0.272756
6241	0.243019
6242	0.338511
6243	0.44275
6244	0.269475
6245	0.269146
6246	0.366567
6247	0.315971
6248	0.429342
6249	0.34551
6250	0.35127
6251	0.326101
6252	0.462393
6253	0.435297
6254	0.57061
6255	0.408841
6256	0.369782
6257	0.451098
6258	0.492809
6259	0.586577
6260	0.454937
6261	0.442243
6262	0.505844
6263	0.828436
6264	0.744888
6265	0.65524
6266	0.634826
6267	0.442967
6268	0.440853
6269	0.477288
6270	0.531214
6271	0.433449
6272	0.500038
6273	0.469457
6274	0.297795
6275	0.34431
6276	0.266249
6277	0.381857
6278	0.358871
6279	0.298812
6280	0.348159
6281	0.428873
6282	0.456712
6283	0.309428
6284	0.271701
6285	0.296234
6286	0.287084
6287	0.310606
6288	0.331324
6289	0.234394
6290	0.307799
6291	0.230641
6292	0.375079
6293	0.366202
6294	0.275122
6295	0.250251
6296	0.449893
6297	0.38319
6298	0.310105
6299	0.268066
6300	0.364974
6301	0.303303
6302	0.350512
6303	0.300765
6304	0.296406
6305	0.339259
6306	0.329714
6307	0.316961
6308	0.246435
6309	0.2638
6310	0.276718
6311	0.336083
6312	0.29757
6313	0.247404
6314	0.334829
6315	0.396991
6316	0.299567
6317	0.261971
6318	0.256529
6319	0.389227
6320	0.539702
6321	0
6322	0.40454
6323	0.292981
6324	0.370317
6325	0.454778
6326	0.38868
6327	0.303564
6328	0.360071
6329	0.375881
6330	0.344545
6331	0.57645
6332	0.44788
6333	0.370637
6334	0.317598
6335	0.480864
6336	0.520552
6337	0.462406
6338	0.39506
6339	0.390757
6340	0.621135
6341	0.549228
6342	0.84099
6343	0.948492
6344	0.517448
6345	0.594225
6346	0.47752
6347	0.444798
6348	0.384927
6349	0.408767
6350	0.439914
6351	0.38497
6352	0.417604
6353	0.345961
6354	0.329761
6355	0.287064
6356	0.285136
6357	0.36956
6358	0.290312
6359	0.276369
6360	0.33539
6361	0.229199
6362	0.357373
6363	0.388177
6364	0.327892
6365	0.284468
6366	0.26848
6367	0.287231
6368	0.206644
6369	0.303889
6370	0.314667
6371	0.324869
6372	0.315939
6373	0.333563
6374	0.342906
6375	0.266032
6376	0.467979
6377	0.380062
6378	0.296621
6379	0.29234
6380	0.377549
6381	0.425324
6382	0.281043
6383	0.258607
6384	0.251419
6385	0.230878
6386	0.27611
6387	0.333922
6388	0.406695
6389	0.311063
6390	0.280395
6391	0.307868
6392	0.43824
6393	0.319788
6394	0.248696
6395	0.389406
6396	0.270539
6397	0.368197
6398	0.241344
6399	0.367088
6400	0.00960096
